27.56,751.55,35.47,31.0,21.0,-3.56,-55.5,0.0,0.06,0.06,-0.04,0.38,9.82,348.25,-0.25,-1.625,-0.04,0.28,9.8,0.0,0.0,0.0,0.0
27.56,751.55,35.47,31.0,21.0,-3.56,-55.5,0.0,0.06,0.06,-0.04,0.38,9.82,348.25,-0.25,-1.625,-0.04,0.28,9.8,0.0,0.0,0.0,0.0
27.56,751.55,35.46,31.0,21.38,-3.56,-56.56,-0.13,0.06,0.0,-0.05,0.37,9.8,348.25,-0.25,-1.625,-0.04,0.28,9.8,0.0,0.0,0.0,0.0
27.56,751.55,35.46,31.0,21.38,-3.56,-56.56,-0.13,0.06,0.0,-0.05,0.37,9.8,348.25,-0.25,-1.625,-0.04,0.28,9.8,0.0,0.0,0.0,0.0
27.57,751.55,35.39,31.0,20.25,-3.56,-55.75,0.19,0.0,0.13,-0.06,0.38,9.84,348.25,-0.25,-1.625,-0.04,0.28,9.8,0.0,0.0,0.0,0.0
27.57,751.55,35.39,31.0,20.25,-3.56,-55.75,0.19,0.0,0.13,-0.06,0.38,9.84,348.25,-0.25,-1.625,-0.04,0.28,9.8,0.0,0.0,0.0,0.0
27.56,751.53,35.37,31.0,21.38,-4.0,-55.75,-0.06,-0.06,0.06,-0.05,0.39,9.81,348.25,-0.25,-1.625,-0.04,0.28,9.8,0.0,0.0,0.0,0.0
27.56,751.53,35.37,31.0,21.38,-4.0,-55.75,-0.06,-0.06,0.06,-0.05,0.39,9.81,348.25,-0.25,-1.625,-0.04,0.28,9.8,0.0,0.0,0.0,0.0
27.56,751.43,35.35,31.0,22.5,-4.0,-55.75,0.0,-0.13,0.0,-0.06,0.43,9.8,348.25,-0.25,-1.625,-0.04,0.28,9.8,0.0,0.0,0.0,0.0
27.56,751.43,35.35,31.0,22.5,-4.0,-55.75,0.0,-0.13,0.0,-0.06,0.43,9.8,348.25,-0.25,-1.625,-0.04,0.28,9.8,0.0,0.0,0.0,0.0
27.57,751.6,35.32,31.0,22.19,-3.25,-56.69,-68.31,62.44,70.88,0.81,1.25,10.02,341.625,-3.5,5.375,-0.6,-0.91,9.74,0.0,0.0,0.0,0.0
27.57,751.6,35.32,31.0,22.19,-3.25,-56.69,-68.31,62.44,70.88,0.81,1.25,10.02,341.625,-3.5,5.375,-0.6,-0.91,9.74,0.0,0.0,0.0,0.0
27.5,751.53,35.39,31.0,-7.69,-38.0,-17.5,-21.63,29.25,71.75,0.72,2.21,9.77,258.75,7.5625,-15.9375,1.29,2.66,9.34,0.0,0.0,0.0,0.0
27.5,751.53,35.39,31.0,-7.69,-38.0,-17.5,-21.63,29.25,71.75,0.72,2.21,9.77,258.75,7.5625,-15.9375,1.29,2.66,9.34,0.0,0.0,0.0,0.0
27.52,751.48,35.63,31.0,-6.88,-25.69,-25.38,-27.19,35.0,-44.38,-0.06,-0.35,9.45,263.1875,6.8125,1.8125,1.17,-0.31,9.73,0.0,0.0,0.0,0.0
27.52,751.48,35.63,31.0,-6.88,-25.69,-25.38,-27.19,35.0,-44.38,-0.06,-0.35,9.45,263.1875,6.8125,1.8125,1.17,-0.31,9.73,0.0,0.0,0.0,0.0
27.53,751.52,35.74,31.0,-15.69,-21.56,-21.38,13.31,3.5,34.5,1.63,2.98,8.73,227.0625,6.0,-12.125,1.03,2.04,9.53,0.0,0.0,0.0,0.0
27.53,751.52,35.74,31.0,-15.69,-21.56,-21.38,13.31,3.5,34.5,1.63,2.98,8.73,227.0625,6.0,-12.125,1.03,2.04,9.53,0.0,0.0,0.0,0.0
27.54,751.53,35.77,31.0,-10.75,-22.25,-25.75,20.88,22.88,-54.56,-0.42,0.56,9.96,249.0,4.3125,-5.75,0.74,0.98,9.72,0.0,0.0,0.0,0.0
27.54,751.53,35.77,31.0,-10.75,-22.25,-25.75,20.88,22.88,-54.56,-0.42,0.56,9.96,249.0,4.3125,-5.75,0.74,0.98,9.72,0.0,0.0,0.0,0.0
27.52,751.51,35.81,31.0,27.75,-13.5,-30.56,4.44,-9.94,-13.19,0.06,0.23,9.38,340.0,-0.8125,0.25,-0.13,-0.04,9.8,0.0,0.0,0.0,0.0
27.52,751.51,35.81,31.0,27.75,-13.5,-30.56,4.44,-9.94,-13.19,0.06,0.23,9.38,340.0,-0.8125,0.25,-0.13,-0.04,9.8,0.0,0.0,0.0,0.0
27.53,751.54,36.17,31.0,15.88,-22.5,-30.88,-19.88,-48.19,-19.63,1.58,-0.6,9.02,317.75,9.1875,0.9375,1.64,-0.18,9.66,0.0,0.0,0.0,0.0
27.53,751.54,36.17,31.0,15.88,-22.5,-30.88,-19.88,-48.19,-19.63,1.58,-0.6,9.02,317.75,9.1875,0.9375,1.64,-0.18,9.66,0.0,0.0,0.0,0.0
27.52,751.55,36.36,31.0,10.69,-16.88,-35.69,-4.44,-5.19,-5.38,3.63,-0.73,8.94,322.3125,21.9375,5.9375,3.66,-0.94,9.04,0.0,0.0,0.0,0.0
27.52,751.55,36.36,31.0,10.69,-16.88,-35.69,-4.44,-5.19,-5.38,3.63,-0.73,8.94,322.3125,21.9375,5.9375,3.66,-0.94,9.04,0.0,0.0,0.0,0.0
27.52,751.52,36.47,31.0,18.75,-16.19,-34.75,2.56,7.69,-4.69,1.38,-0.81,9.56,325.25,9.375,5.5625,1.6,-0.94,9.62,0.0,0.0,0.0,0.0
27.52,751.52,36.47,31.0,18.75,-16.19,-34.75,2.56,7.69,-4.69,1.38,-0.81,9.56,325.25,9.375,5.5625,1.6,-0.94,9.62,0.0,0.0,0.0,0.0
27.53,751.49,36.59,31.0,18.0,-13.06,-36.38,-1.81,-1.56,-0.88,2.39,-1.6,9.2,328.8125,12.9375,8.375,2.2,-1.39,9.45,0.0,0.0,0.0,0.0
27.53,751.49,36.59,31.0,18.0,-13.06,-36.38,-1.81,-1.56,-0.88,2.39,-1.6,9.2,328.8125,12.9375,8.375,2.2,-1.39,9.45,0.0,0.0,0.0,0.0
27.54,751.55,36.86,31.0,15.69,-16.06,-34.75,-8.88,-30.31,37.81,2.25,-1.27,9.14,317.5,12.25,8.6875,2.08,-1.45,9.47,0.0,0.0,0.0,0.0
27.54,751.55,36.86,31.0,15.69,-16.06,-34.75,-8.88,-30.31,37.81,2.25,-1.27,9.14,317.5,12.25,8.6875,2.08,-1.45,9.47,0.0,0.0,0.0,0.0
27.55,751.53,37.3,31.0,-12.56,-23.56,-24.25,-25.88,-17.81,49.38,2.37,0.1,10.36,246.6875,9.25,-0.4375,1.58,0.07,9.67,0.0,0.0,0.0,0.0
27.55,751.53,37.3,31.0,-12.56,-23.56,-24.25,-25.88,-17.81,49.38,2.37,0.1,10.36,246.6875,9.25,-0.4375,1.58,0.07,9.67,0.0,0.0,0.0,0.0
27.56,751.55,37.43,31.0,-23.88,-6.69,-22.75,-0.88,-30.13,-0.81,0.75,2.34,7.91,189.0,6.0625,-12.75,1.04,2.16,9.5,0.0,0.0,0.0,0.0
27.56,751.55,37.43,31.0,-23.88,-6.69,-22.75,-0.88,-30.13,-0.81,0.75,2.34,7.91,189.0,6.0625,-12.75,1.04,2.16,9.5,0.0,0.0,0.0,0.0
27.55,751.59,37.2,31.0,-20.88,-22.19,-15.5,5.81,17.75,-4.13,1.85,0.92,8.96,226.75,10.9375,-11.8125,1.86,1.97,9.42,0.0,0.0,0.0,0.0
27.55,751.59,37.2,31.0,-20.88,-22.19,-15.5,5.81,17.75,-4.13,1.85,0.92,8.96,226.75,10.9375,-11.8125,1.86,1.97,9.42,0.0,0.0,0.0,0.0
27.56,751.55,36.65,31.0,-12.25,-26.38,-19.19,112.06,75.75,-1.56,1.32,2.88,9.71,248.9375,4.875,-8.1875,0.83,1.39,9.67,0.0,0.0,0.0,0.0
27.56,751.55,36.65,31.0,-12.25,-26.38,-19.19,112.06,75.75,-1.56,1.32,2.88,9.71,248.9375,4.875,-8.1875,0.83,1.39,9.67,0.0,0.0,0.0,0.0
27.56,751.49,36.34,31.0,-15.5,-35.0,-10.56,116.94,17.13,75.37,3.35,3.14,8.31,244.0625,16.3125,-24.5,2.75,3.9,8.56,0.0,0.0,0.0,0.0
27.56,751.49,36.34,31.0,-15.5,-35.0,-10.56,116.94,17.13,75.37,3.35,3.14,8.31,244.0625,16.3125,-24.5,2.75,3.9,8.56,0.0,0.0,0.0,0.0
27.56,751.59,36.24,31.0,-24.19,-29.88,-11.5,-12.94,-39.56,11.0,2.18,3.83,5.79,231.8125,11.5,-17.8125,1.95,2.94,9.14,0.0,0.0,0.0,0.0
27.56,751.59,36.24,31.0,-24.19,-29.88,-11.5,-12.94,-39.56,11.0,2.18,3.83,5.79,231.8125,11.5,-17.8125,1.95,2.94,9.14,0.0,0.0,0.0,0.0
27.56,751.5,36.09,31.0,2.06,-37.37,-13.56,5.31,-55.37,-6.06,1.97,3.33,7.82,293.0,10.625,-19.1875,1.81,3.17,9.1,0.0,0.0,0.0,0.0
27.56,751.5,36.09,31.0,2.06,-37.37,-13.56,5.31,-55.37,-6.06,1.97,3.33,7.82,293.0,10.625,-19.1875,1.81,3.17,9.1,0.0,0.0,0.0,0.0
27.54,751.53,35.92,31.0,19.75,-19.25,-24.38,29.69,-44.0,14.38,2.69,2.6,8.13,352.75,14.25,-19.8125,2.41,3.22,8.94,0.0,0.0,0.0,0.0
27.54,751.53,35.92,31.0,19.75,-19.25,-24.38,29.69,-44.0,14.38,2.69,2.6,8.13,352.75,14.25,-19.8125,2.41,3.22,8.94,0.0,0.0,0.0,0.0
27.55,751.6,35.79,31.0,22.88,-14.75,-24.75,78.63,30.44,7.0,2.26,4.95,8.46,355.25,13.3125,-23.8125,2.24,3.95,8.68,0.0,0.0,0.0,0.0
27.55,751.6,35.79,31.0,22.88,-14.75,-24.75,78.63,30.44,7.0,2.26,4.95,8.46,355.25,13.3125,-23.8125,2.24,3.95,8.68,0.0,0.0,0.0,0.0
27.55,751.51,35.65,31.0,20.19,-19.0,-23.88,95.31,61.88,129.25,2.58,4.52,9.48,328.3125,15.8125,-15.9375,2.67,2.59,9.07,0.0,0.0,0.0,0.0
27.55,751.51,35.65,31.0,20.19,-19.0,-23.88,95.31,61.88,129.25,2.58,4.52,9.48,328.3125,15.8125,-15.9375,2.67,2.59,9.07,0.0,0.0,0.0,0.0
27.55,751.56,35.56,30.0,-17.25,-29.25,-4.5,-18.81,23.44,12.19,3.92,2.78,7.8,209.4375,11.5,-26.0,1.96,4.21,8.63,0.0,0.0,0.0,0.0
27.55,751.56,35.56,30.0,-17.25,-29.25,-4.5,-18.81,23.44,12.19,3.92,2.78,7.8,209.4375,11.5,-26.0,1.96,4.21,8.63,0.0,0.0,0.0,0.0
27.53,751.57,35.56,31.0,-23.25,4.88,-24.56,39.81,9.0,60.44,3.64,3.0,11.05,83.37501,12.5,-21.4375,2.12,3.5,8.9,0.0,0.0,0.0,0.0
27.53,751.57,35.56,31.0,-23.25,4.88,-24.56,39.81,9.0,60.44,3.64,3.0,11.05,83.37501,12.5,-21.4375,2.12,3.5,8.9,0.0,0.0,0.0,0.0
27.52,751.61,35.55,31.0,-6.88,5.75,-29.56,-74.25,29.06,21.44,3.69,4.56,12.12,24.875,11.875,-24.4375,2.02,3.97,8.73,0.0,0.0,0.0,0.0
27.52,751.61,35.55,31.0,-6.88,5.75,-29.56,-74.25,29.06,21.44,3.69,4.56,12.12,24.875,11.875,-24.4375,2.02,3.97,8.73,0.0,0.0,0.0,0.0
27.5,751.5,35.55,30.0,5.0,26.0,-34.5,-65.37,28.75,5.31,1.87,1.83,7.37,351.5625,13.1875,-4.5625,2.2,0.66,9.53,0.0,0.0,0.0,0.0
27.5,751.5,35.55,30.0,5.0,26.0,-34.5,-65.37,28.75,5.31,1.87,1.83,7.37,351.5625,13.1875,-4.5625,2.2,0.66,9.53,0.0,0.0,0.0,0.0
27.49,751.58,35.66,30.0,12.56,10.38,-35.25,6.13,8.44,0.63,1.56,1.21,7.04,318.5625,8.3125,-19.4375,1.41,3.23,9.14,0.0,0.0,0.0,0.0
27.49,751.58,35.66,30.0,12.56,10.38,-35.25,6.13,8.44,0.63,1.56,1.21,7.04,318.5625,8.3125,-19.4375,1.41,3.23,9.14,0.0,0.0,0.0,0.0
27.46,751.49,35.74,30.0,-12.38,15.88,-27.75,-50.44,-43.44,-28.06,1.21,2.25,10.7,20.5,6.9375,-10.0,1.24,1.61,9.59,0.0,0.0,0.0,0.0
27.46,751.49,35.74,30.0,-12.38,15.88,-27.75,-50.44,-43.44,-28.06,1.21,2.25,10.7,20.5,6.9375,-10.0,1.24,1.61,9.59,0.0,0.0,0.0,0.0
27.46,751.55,35.73,30.0,-9.19,15.38,-25.75,-29.56,12.0,-0.13,1.21,2.71,10.11,19.75,5.5,-10.25,0.94,1.74,9.6,0.0,0.0,0.0,0.0
27.46,751.55,35.73,30.0,-9.19,15.38,-25.75,-29.56,12.0,-0.13,1.21,2.71,10.11,19.75,5.5,-10.25,0.94,1.74,9.6,0.0,0.0,0.0,0.0
27.43,751.54,35.72,30.0,5.38,23.25,-31.25,-7.38,-39.63,-5.81,-0.33,1.15,9.63,353.3125,-0.3125,-7.0625,-0.06,1.2,9.73,0.0,0.0,0.0,0.0
27.43,751.54,35.72,30.0,5.38,23.25,-31.25,-7.38,-39.63,-5.81,-0.33,1.15,9.63,353.3125,-0.3125,-7.0625,-0.06,1.2,9.73,0.0,0.0,0.0,0.0
27.38,751.55,37.11,30.0,7.56,18.25,-31.88,-7.38,-12.38,-64.0,0.32,2.48,9.73,348.125,2.75,-13.125,0.47,2.23,9.53,0.0,0.0,0.0,0.0
27.37,751.6,37.39,30.0,19.38,-8.69,-29.69,71.81,24.0,69.06,2.85,3.97,8.53,258.5,17.25,-22.25,2.91,3.54,8.66,0.0,0.0,0.0,0.0
27.37,751.54,36.97,30.0,-17.19,-23.06,-2.38,58.5,81.56,63.69,3.3,3.8,8.01,168.0625,18.5625,-36.3125,3.12,5.5,7.48,0.0,0.0,0.0,0.0
27.34,751.56,36.71,30.0,-10.87,-40.19,1.75,66.06,13.75,-0.81,4.04,5.08,8.31,155.8125,20.4375,-42.5,3.42,6.21,6.76,0.0,0.0,0.0,0.0
27.34,751.56,36.71,30.0,-10.87,-40.19,1.75,66.06,13.75,-0.81,4.04,5.08,8.31,155.8125,20.4375,-42.5,3.42,6.21,6.76,0.0,0.0,0.0,0.0
27.33,751.6,36.58,30.0,-20.38,-37.69,8.25,-38.56,6.88,25.75,4.05,6.64,11.75,145.375,22.4375,-49.8125,3.74,6.92,5.84,0.0,0.0,0.0,0.0
27.33,751.6,36.58,30.0,-20.38,-37.69,8.25,-38.56,6.88,25.75,4.05,6.64,11.75,145.375,22.4375,-49.8125,3.74,6.92,5.84,0.0,0.0,0.0,0.0
27.33,751.62,36.43,30.0,-18.19,-39.19,11.69,-65.88,-37.19,-32.75,3.14,6.14,9.07,153.25,25.625,-50.6875,4.25,6.84,5.59,0.0,0.0,0.0,0.0
27.33,751.62,36.43,30.0,-18.19,-39.19,11.69,-65.88,-37.19,-32.75,3.14,6.14,9.07,153.25,25.625,-50.6875,4.25,6.84,5.59,0.0,0.0,0.0,0.0
27.31,751.59,36.29,30.0,-3.69,-38.38,-10.06,-56.19,-74.31,-58.94,3.18,3.79,8.11,205.25,22.6875,-26.5,3.78,4.03,8.09,0.0,0.0,0.0,0.0
27.31,751.59,36.29,30.0,-3.69,-38.38,-10.06,-56.19,-74.31,-58.94,3.18,3.79,8.11,205.25,22.6875,-26.5,3.78,4.03,8.09,0.0,0.0,0.0,0.0
27.3,751.56,36.16,30.0,19.75,-24.06,-24.69,-46.0,-12.19,-54.88,1.3,1.52,8.12,241.5,9.75,-16.5625,1.66,2.76,9.26,0.0,0.0,0.0,0.0
27.3,751.56,36.16,30.0,19.75,-24.06,-24.69,-46.0,-12.19,-54.88,1.3,1.52,8.12,241.5,9.75,-16.5625,1.66,2.76,9.26,0.0,0.0,0.0,0.0
27.28,751.58,36.06,30.0,22.19,-17.19,-32.19,-41.13,43.19,-38.5,0.39,0.8,7.62,246.0625,9.0,-4.625,1.53,0.78,9.65,0.0,0.0,0.0,0.0
27.28,751.58,36.06,30.0,22.19,-17.19,-32.19,-41.13,43.19,-38.5,0.39,0.8,7.62,246.0625,9.0,-4.625,1.53,0.78,9.65,0.0,0.0,0.0,0.0
27.26,751.56,35.96,30.0,26.88,-17.88,-28.06,-21.0,-22.37,-18.56,0.84,1.13,8.5,245.625,8.4375,-7.0625,1.44,1.19,9.62,0.0,0.0,0.0,0.0
27.26,751.56,35.96,30.0,26.88,-17.88,-28.06,-21.0,-22.37,-18.56,0.84,1.13,8.5,245.625,8.4375,-7.0625,1.44,1.19,9.62,0.0,0.0,0.0,0.0
27.26,751.49,35.91,30.0,28.25,-7.75,-30.88,4.44,-1.56,-17.38,-0.43,-0.19,9.43,252.6875,6.5,-4.0625,1.11,0.69,9.71,0.0,0.0,0.0,0.0
27.26,751.49,35.91,30.0,28.25,-7.75,-30.88,4.44,-1.56,-17.38,-0.43,-0.19,9.43,252.6875,6.5,-4.0625,1.11,0.69,9.71,0.0,0.0,0.0,0.0
27.25,751.56,35.84,30.0,28.38,-12.25,-27.56,-7.94,-20.25,-37.19,-0.59,2.15,10.06,252.6875,8.3125,-14.1875,1.42,2.38,9.4,0.0,0.0,0.0,0.0
27.25,751.56,35.84,30.0,28.38,-12.25,-27.56,-7.94,-20.25,-37.19,-0.59,2.15,10.06,252.6875,8.3125,-14.1875,1.42,2.38,9.4,0.0,0.0,0.0,0.0
27.23,751.59,35.79,30.0,25.88,2.56,-29.88,-0.81,22.0,-9.56,0.47,2.51,10.0,290.5,3.875,-16.4375,0.66,2.77,9.38,0.0,0.0,0.0,0.0
27.23,751.59,35.79,30.0,25.88,2.56,-29.88,-0.81,22.0,-9.56,0.47,2.51,10.0,290.5,3.875,-16.4375,0.66,2.77,9.38,0.0,0.0,0.0,0.0
27.19,751.58,35.95,30.0,19.06,-11.56,-31.88,4.25,-3.31,11.0,0.74,7.75,6.04,298.6875,4.3125,-53.875,0.74,7.89,5.76,0.0,0.0,0.0,0.0
27.19,751.58,35.95,30.0,19.06,-11.56,-31.88,4.25,-3.31,11.0,0.74,7.75,6.04,298.6875,4.3125,-53.875,0.74,7.89,5.76,0.0,0.0,0.0,0.0
27.16,751.56,36.64,30.0,26.25,-23.69,-17.56,-6.19,14.44,8.06,1.03,7.23,6.24,250.8125,7.0,-51.375,1.2,7.6,6.06,0.0,0.0,0.0,0.0
27.16,751.56,36.64,30.0,26.25,-23.69,-17.56,-6.19,14.44,8.06,1.03,7.23,6.24,250.8125,7.0,-51.375,1.2,7.6,6.06,0.0,0.0,0.0,0.0
27.16,751.54,36.87,30.0,28.75,-8.69,-24.75,-74.75,-51.94,-120.25,-0.49,4.77,9.76,277.5625,0.0625,-25.375,0.01,4.2,8.85,0.0,0.0,0.0,0.0
27.16,751.54,36.87,30.0,28.75,-8.69,-24.75,-74.75,-51.94,-120.25,-0.49,4.77,9.76,277.5625,0.0625,-25.375,0.01,4.2,8.85,0.0,0.0,0.0,0.0
27.14,751.62,36.89,30.0,25.0,6.06,-26.19,3.19,67.31,126.06,-1.5,3.29,8.68,285.5,-6.75,-21.375,-1.15,3.55,9.06,0.0,0.0,0.0,0.0
27.14,751.62,36.89,30.0,25.0,6.06,-26.19,3.19,67.31,126.06,-1.5,3.29,8.68,285.5,-6.75,-21.375,-1.15,3.55,9.06,0.0,0.0,0.0,0.0
27.12,751.51,36.94,30.0,28.19,-20.19,-13.37,33.0,16.06,47.13,-0.62,3.91,8.85,234.6875,-8.625,-25.75,-1.48,4.21,8.72,0.0,0.0,0.0,0.0
27.12,751.51,36.94,30.0,28.19,-20.19,-13.37,33.0,16.06,47.13,-0.62,3.91,8.85,234.6875,-8.625,-25.75,-1.48,4.21,8.72,0.0,0.0,0.0,0.0
27.13,751.58,36.75,30.0,18.38,-33.5,-10.19,53.69,26.31,7.0,-0.47,5.67,8.38,214.8125,-7.8125,-28.0625,-1.34,4.57,8.56,0.0,0.0,0.0,0.0
27.13,751.58,36.75,30.0,18.38,-33.5,-10.19,53.69,26.31,7.0,-0.47,5.67,8.38,214.8125,-7.8125,-28.0625,-1.34,4.57,8.56,0.0,0.0,0.0,0.0
27.12,751.56,36.55,30.0,14.88,-33.88,-13.5,82.69,26.0,22.25,0.17,5.54,9.77,220.4375,-3.625,-25.0,-0.66,4.28,8.79,0.0,0.0,0.0,0.0
27.12,751.56,36.55,30.0,14.88,-33.88,-13.5,82.69,26.0,22.25,0.17,5.54,9.77,220.4375,-3.625,-25.0,-0.66,4.28,8.79,0.0,0.0,0.0,0.0
27.11,751.54,36.33,30.0,19.75,-28.69,-12.56,25.94,-12.44,18.88,-0.12,6.03,8.59,234.5625,-2.0625,-30.8125,-0.35,5.02,8.41,0.0,0.0,0.0,0.0
27.11,751.54,36.33,30.0,19.75,-28.69,-12.56,25.94,-12.44,18.88,-0.12,6.03,8.59,234.5625,-2.0625,-30.8125,-0.35,5.02,8.41,0.0,0.0,0.0,0.0
27.08,751.58,36.21,30.0,21.5,-24.5,-15.38,35.19,-20.19,23.62,-0.13,5.84,8.88,238.6875,-5.6875,-24.5625,-0.98,4.06,8.87,0.0,0.0,0.0,0.0
27.08,751.58,36.21,30.0,21.5,-24.5,-15.38,35.19,-20.19,23.62,-0.13,5.84,8.88,238.6875,-5.6875,-24.5625,-0.98,4.06,8.87,0.0,0.0,0.0,0.0
27.08,751.54,36.11,30.0,19.56,-22.25,-19.75,69.81,11.69,-25.13,-1.69,4.44,9.01,241.6875,-3.5,-21.1875,-0.6,3.54,9.12,0.0,0.0,0.0,0.0
27.08,751.54,36.11,30.0,19.56,-22.25,-19.75,69.81,11.69,-25.13,-1.69,4.44,9.01,241.6875,-3.5,-21.1875,-0.6,3.54,9.12,0.0,0.0,0.0,0.0
27.0,751.58,36.08,30.0,23.25,-12.5,-24.19,-46.75,-9.69,76.56,-0.09,4.82,8.68,264.625,-3.5,-25.8125,-0.52,4.19,8.84,0.0,0.0,0.0,0.0
27.0,751.58,36.08,30.0,23.25,-12.5,-24.19,-46.75,-9.69,76.56,-0.09,4.82,8.68,264.625,-3.5,-25.8125,-0.52,4.19,8.84,0.0,0.0,0.0,0.0
26.96,751.55,36.03,29.0,16.5,-29.38,-20.0,22.75,-57.44,21.5,1.73,3.66,10.01,220.0625,2.25,-18.8125,0.38,3.16,9.27,0.0,0.0,0.0,0.0
26.96,751.55,36.03,29.0,16.5,-29.38,-20.0,22.75,-57.44,21.5,1.73,3.66,10.01,220.0625,2.25,-18.8125,0.38,3.16,9.27,0.0,0.0,0.0,0.0
26.96,751.54,35.97,30.0,23.25,-19.25,-21.06,52.19,50.5,-9.44,-1.05,5.18,8.54,248.75,-4.9375,-28.25,-0.84,4.63,8.6,0.0,0.0,0.0,0.0
26.96,751.54,35.97,30.0,23.25,-19.25,-21.06,52.19,50.5,-9.44,-1.05,5.18,8.54,248.75,-4.9375,-28.25,-0.84,4.63,8.6,0.0,0.0,0.0,0.0
26.95,751.56,35.96,29.0,23.38,-27.25,-16.06,84.63,45.0,7.5,0.86,4.88,8.18,232.625,-1.0625,-27.9375,-0.18,4.59,8.65,0.0,0.0,0.0,0.0
26.95,751.56,35.96,29.0,23.38,-27.25,-16.06,84.63,45.0,7.5,0.86,4.88,8.18,232.625,-1.0625,-27.9375,-0.18,4.59,8.65,0.0,0.0,0.0,0.0
26.93,751.58,35.95,29.0,23.75,-30.06,-10.87,45.75,21.19,4.5,-0.38,4.3,6.66,232.875,-4.8125,-34.5,-0.84,5.59,8.01,0.0,0.0,0.0,0.0
26.93,751.58,35.95,29.0,23.75,-30.06,-10.87,45.75,21.19,4.5,-0.38,4.3,6.66,232.875,-4.8125,-34.5,-0.84,5.59,8.01,0.0,0.0,0.0,0.0
26.92,751.55,35.89,29.0,22.75,-29.0,-14.38,22.0,30.81,13.81,0.01,3.81,8.39,236.3125,-4.6875,-32.0,-0.8,5.17,8.28,0.0,0.0,0.0,0.0
26.92,751.55,35.89,29.0,22.75,-29.0,-14.38,22.0,30.81,13.81,0.01,3.81,8.39,236.3125,-4.6875,-32.0,-0.8,5.17,8.28,0.0,0.0,0.0,0.0
26.89,751.63,35.84,29.0,17.56,-33.25,-17.06,-20.75,0.31,18.44,-1.87,4.64,11.55,228.5625,-0.375,-27.5625,-0.06,4.53,8.69,0.0,0.0,0.0,0.0
26.89,751.63,35.84,29.0,17.56,-33.25,-17.06,-20.75,0.31,18.44,-1.87,4.64,11.55,228.5625,-0.375,-27.5625,-0.06,4.53,8.69,0.0,0.0,0.0,0.0
26.88,751.6,35.81,29.0,16.88,-35.5,-12.06,-48.63,-5.31,-9.63,-3.01,5.75,11.01,225.4375,-2.5625,-31.6875,-0.44,5.14,8.33,0.0,0.0,0.0,0.0
26.88,751.6,35.81,29.0,16.88,-35.5,-12.06,-48.63,-5.31,-9.63,-3.01,5.75,11.01,225.4375,-2.5625,-31.6875,-0.44,5.14,8.33,0.0,0.0,0.0,0.0
26.86,751.54,35.79,29.0,19.06,-31.25,-17.25,12.31,-17.44,-50.5,-2.06,7.34,9.7,236.75,-2.875,-29.6875,-0.5,4.85,8.5,0.0,0.0,0.0,0.0
26.86,751.54,35.79,29.0,19.06,-31.25,-17.25,12.31,-17.44,-50.5,-2.06,7.34,9.7,236.75,-2.875,-29.6875,-0.5,4.85,8.5,0.0,0.0,0.0,0.0
26.82,751.54,35.78,29.0,21.75,-26.0,-19.25,-28.88,-73.94,-39.5,-1.15,5.02,8.39,251.0625,-1.875,-29.6875,-0.25,4.81,8.54,0.0,0.0,0.0,0.0
26.82,751.54,35.78,29.0,21.75,-26.0,-19.25,-28.88,-73.94,-39.5,-1.15,5.02,8.39,251.0625,-1.875,-29.6875,-0.25,4.81,8.54,0.0,0.0,0.0,0.0
26.8,751.55,35.71,29.0,19.69,-22.56,-27.75,-26.81,-24.06,-82.44,-0.3,3.3,5.33,265.8125,4.0625,-25.875,0.7,4.27,8.8,0.0,0.0,0.0,0.0
26.8,751.55,35.71,29.0,19.69,-22.56,-27.75,-26.81,-24.06,-82.44,-0.3,3.3,5.33,265.8125,4.0625,-25.875,0.7,4.27,8.8,0.0,0.0,0.0,0.0
26.77,751.61,35.66,29.0,16.88,-11.25,-34.56,-22.5,1.13,-33.44,-0.39,3.68,7.29,286.5625,4.0625,-24.375,0.69,4.04,8.9,0.0,0.0,0.0,0.0
26.77,751.61,35.66,29.0,16.88,-11.25,-34.56,-22.5,1.13,-33.44,-0.39,3.68,7.29,286.5625,4.0625,-24.375,0.69,4.04,8.9,0.0,0.0,0.0,0.0
26.74,751.55,35.61,29.0,12.75,-0.25,-34.06,17.19,16.31,-16.63,-0.33,4.49,9.94,305.0625,2.8125,-17.4375,0.48,2.93,9.34,0.0,0.0,0.0,0.0
26.74,751.55,35.61,29.0,12.75,-0.25,-34.06,17.19,16.31,-16.63,-0.33,4.49,9.94,305.0625,2.8125,-17.4375,0.48,2.93,9.34,0.0,0.0,0.0,0.0
26.54,751.59,35.61,29.0,8.56,0.25,-32.56,75.69,47.44,-2.0,0.33,4.97,7.71,309.4375,1.1875,-25.0,0.21,4.14,8.88,0.0,0.0,0.0,0.0
26.54,751.59,35.61,29.0,8.56,0.25,-32.56,75.69,47.44,-2.0,0.33,4.97,7.71,309.4375,1.1875,-25.0,0.21,4.14,8.88,0.0,0.0,0.0,0.0
26.32,751.57,35.64,29.0,6.5,2.88,-33.25,107.38,27.63,-1.38,1.55,6.22,6.28,313.1875,4.5625,-31.875,0.78,5.16,8.29,0.0,0.0,0.0,0.0
26.32,751.57,35.64,29.0,6.5,2.88,-33.25,107.38,27.63,-1.38,1.55,6.22,6.28,313.1875,4.5625,-31.875,0.78,5.16,8.29,0.0,0.0,0.0,0.0
26.2,751.57,35.66,29.0,1.5,-0.25,-37.25,36.5,26.5,8.69,0.23,4.26,7.35,336.4375,3.5,-35.4375,0.6,5.67,7.97,0.0,0.0,0.0,0.0
26.2,751.57,35.66,29.0,1.5,-0.25,-37.25,36.5,26.5,8.69,0.23,4.26,7.35,336.4375,3.5,-35.4375,0.6,5.67,7.97,0.0,0.0,0.0,0.0
26.16,751.57,35.7,29.0,0.88,-4.69,-42.69,36.88,27.88,15.44,0.92,5.3,6.18,342.0,3.9375,-42.8125,0.67,6.65,7.17,0.0,0.0,0.0,0.0
26.16,751.57,35.7,29.0,0.88,-4.69,-42.69,36.88,27.88,15.44,0.92,5.3,6.18,342.0,3.9375,-42.8125,0.67,6.65,7.17,0.0,0.0,0.0,0.0
26.08,751.49,35.74,29.0,3.06,-0.19,-46.38,-12.12,20.25,25.13,-0.34,3.57,7.58,341.1875,2.4375,-37.375,0.42,5.95,7.78,0.0,0.0,0.0,0.0
26.08,751.49,35.74,29.0,3.06,-0.19,-46.38,-12.12,20.25,25.13,-0.34,3.57,7.58,341.1875,2.4375,-37.375,0.42,5.95,7.78,0.0,0.0,0.0,0.0
26.03,751.62,35.75,29.0,-19.19,4.06,-44.25,-4.13,16.94,-0.06,1.25,4.31,7.98,8.375,0.75,-36.25,0.13,5.8,7.9,0.0,0.0,0.0,0.0
26.03,751.62,35.75,29.0,-19.19,4.06,-44.25,-4.13,16.94,-0.06,1.25,4.31,7.98,8.375,0.75,-36.25,0.13,5.8,7.9,0.0,0.0,0.0,0.0
26.01,751.58,35.79,29.0,-3.69,-0.75,-41.0,2.0,30.25,-4.25,-1.96,4.46,9.07,353.875,-3.125,-33.1875,-0.53,5.36,8.19,0.0,0.0,0.0,0.0
26.01,751.58,35.79,29.0,-3.69,-0.75,-41.0,2.0,30.25,-4.25,-1.96,4.46,9.07,353.875,-3.125,-33.1875,-0.53,5.36,8.19,0.0,0.0,0.0,0.0
25.97,751.53,35.85,29.0,-1.69,-1.0,-42.87,-9.5,-7.69,-26.19,-2.18,9.12,10.59,3.5,-7.1875,-37.375,-1.23,5.9,7.72,0.0,0.0,0.0,0.0
25.97,751.53,35.85,29.0,-1.69,-1.0,-42.87,-9.5,-7.69,-26.19,-2.18,9.12,10.59,3.5,-7.1875,-37.375,-1.23,5.9,7.72,0.0,0.0,0.0,0.0
25.94,751.54,35.87,29.0,4.75,4.69,-41.25,-5.0,-41.75,20.5,-1.93,7.91,10.17,356.4375,-5.0,-33.125,-0.86,5.34,8.17,0.0,0.0,0.0,0.0
25.94,751.54,35.87,29.0,4.75,4.69,-41.25,-5.0,-41.75,20.5,-1.93,7.91,10.17,356.4375,-5.0,-33.125,-0.86,5.34,8.17,0.0,0.0,0.0,0.0
25.88,751.56,35.91,29.0,2.88,4.25,-43.25,-23.0,-5.25,9.69,-0.62,5.44,13.06,344.625,3.8125,-34.3125,0.65,5.51,8.07,0.0,0.0,0.0,0.0
25.88,751.56,35.91,29.0,2.88,4.25,-43.25,-23.0,-5.25,9.69,-0.62,5.44,13.06,344.625,3.8125,-34.3125,0.65,5.51,8.07,0.0,0.0,0.0,0.0
25.82,751.55,35.94,29.0,5.19,1.5,-39.5,-65.06,-28.31,15.38,1.36,5.53,13.05,329.0625,10.6875,-32.8125,1.82,5.22,8.09,0.0,0.0,0.0,0.0
25.82,751.55,35.94,29.0,5.19,1.5,-39.5,-65.06,-28.31,15.38,1.36,5.53,13.05,329.0625,10.6875,-32.8125,1.82,5.22,8.09,0.0,0.0,0.0,0.0
25.81,751.6,36.01,29.0,-1.5,-1.38,-37.37,-34.06,25.44,-36.31,-0.71,7.42,9.56,351.1875,3.875,-41.875,0.67,6.53,7.28,0.0,0.0,0.0,0.0
25.81,751.6,36.01,29.0,-1.5,-1.38,-37.37,-34.06,25.44,-36.31,-0.71,7.42,9.56,351.1875,3.875,-41.875,0.67,6.53,7.28,0.0,0.0,0.0,0.0
25.76,751.59,36.09,29.0,2.5,7.19,-36.56,34.25,8.69,-37.31,0.9,4.79,6.05,343.125,5.0,-35.0625,0.85,5.61,7.99,0.0,0.0,0.0,0.0
25.76,751.59,36.09,29.0,2.5,7.19,-36.56,34.25,8.69,-37.31,0.9,4.79,6.05,343.125,5.0,-35.0625,0.85,5.61,7.99,0.0,0.0,0.0,0.0
25.74,751.56,36.13,29.0,0.88,4.69,-37.25,-75.19,-21.12,-29.63,1.14,3.74,5.99,352.1875,1.75,-31.5625,0.3,5.13,8.35,0.0,0.0,0.0,0.0
25.74,751.56,36.13,29.0,0.88,4.69,-37.25,-75.19,-21.12,-29.63,1.14,3.74,5.99,352.1875,1.75,-31.5625,0.3,5.13,8.35,0.0,0.0,0.0,0.0
25.71,751.61,36.19,29.0,6.25,7.69,-41.0,-58.63,-8.31,-7.69,1.0,4.21,6.89,341.9375,2.625,-26.6875,0.46,4.31,8.79,0.0,0.0,0.0,0.0
25.71,751.61,36.19,29.0,6.25,7.69,-41.0,-58.63,-8.31,-7.69,1.0,4.21,6.89,341.9375,2.625,-26.6875,0.46,4.31,8.79,0.0,0.0,0.0,0.0
25.71,751.62,36.19,29.0,5.19,8.75,-38.06,5.19,53.0,-71.44,1.12,5.62,8.88,345.4375,-2.875,-24.9375,-0.49,4.13,8.87,0.0,0.0,0.0,0.0
25.71,751.62,36.19,29.0,5.19,8.75,-38.06,5.19,53.0,-71.44,1.12,5.62,8.88,345.4375,-2.875,-24.9375,-0.49,4.13,8.87,0.0,0.0,0.0,0.0
25.69,751.59,36.25,29.0,-0.06,10.38,-37.88,4.13,-29.44,24.87,0.91,3.38,9.44,349.375,4.625,-22.0625,0.79,3.67,9.05,0.0,0.0,0.0,0.0
25.69,751.59,36.25,29.0,-0.06,10.38,-37.88,4.13,-29.44,24.87,0.91,3.38,9.44,349.375,4.625,-22.0625,0.79,3.67,9.05,0.0,0.0,0.0,0.0
25.68,751.59,36.25,29.0,-0.5,10.75,-36.19,148.0,48.06,31.38,1.66,7.46,6.63,339.4375,9.1875,-30.9375,1.57,4.98,8.29,0.0,0.0,0.0,0.0
25.68,751.59,36.25,29.0,-0.5,10.75,-36.19,148.0,48.06,31.38,1.66,7.46,6.63,339.4375,9.1875,-30.9375,1.57,4.98,8.29,0.0,0.0,0.0,0.0
25.66,751.6,36.28,29.0,-4.19,4.88,-37.19,11.94,16.06,20.31,3.02,3.56,8.16,344.375,14.375,-32.8125,2.44,5.15,7.97,0.0,0.0,0.0,0.0
25.66,751.6,36.28,29.0,-4.19,4.88,-37.19,11.94,16.06,20.31,3.02,3.56,8.16,344.375,14.375,-32.8125,2.44,5.15,7.97,0.0,0.0,0.0,0.0
25.66,751.55,36.29,28.0,1.19,3.38,-37.5,4.25,24.69,58.31,-1.51,4.64,8.57,7.5,-12.375,-40.375,-2.1,6.2,7.29,0.0,0.0,0.0,0.0
25.66,751.55,36.29,28.0,1.19,3.38,-37.5,4.25,24.69,58.31,-1.51,4.64,8.57,7.5,-12.375,-40.375,-2.1,6.2,7.29,0.0,0.0,0.0,0.0
25.63,751.53,36.31,28.0,5.56,7.0,-33.88,-90.63,-51.75,32.25,-1.36,5.11,8.97,345.8125,0.3125,-29.625,0.05,4.85,8.52,0.0,0.0,0.0,0.0
25.63,751.53,36.31,28.0,5.56,7.0,-33.88,-90.63,-51.75,32.25,-1.36,5.11,8.97,345.8125,0.3125,-29.625,0.05,4.85,8.52,0.0,0.0,0.0,0.0
25.56,751.63,36.33,28.0,9.75,10.69,-32.69,24.56,-3.13,-36.63,-0.26,6.6,9.86,335.4375,3.25,-28.1875,0.56,4.62,8.62,0.0,0.0,0.0,0.0
25.56,751.63,36.33,28.0,9.75,10.69,-32.69,24.56,-3.13,-36.63,-0.26,6.6,9.86,335.4375,3.25,-28.1875,0.56,4.62,8.62,0.0,0.0,0.0,0.0
25.56,751.63,36.33,28.0,5.75,13.0,-35.38,-30.25,-57.75,-1.0,-1.41,4.63,7.89,357.375,-6.6875,-33.0,-1.14,5.3,8.16,0.0,0.0,0.0,0.0
25.56,751.63,36.33,28.0,5.75,13.0,-35.38,-30.25,-57.75,-1.0,-1.41,4.63,7.89,357.375,-6.6875,-33.0,-1.14,5.3,8.16,0.0,0.0,0.0,0.0
25.58,751.64,36.38,28.0,0.38,15.19,-38.5,-7.44,16.69,-39.0,-1.15,3.37,7.03,1.4375,-2.4375,-29.375,-0.41,4.81,8.53,0.0,0.0,0.0,0.0
25.58,751.64,36.38,28.0,0.38,15.19,-38.5,-7.44,16.69,-39.0,-1.15,3.37,7.03,1.4375,-2.4375,-29.375,-0.41,4.81,8.53,0.0,0.0,0.0,0.0
25.6,751.53,36.37,28.0,2.25,14.5,-39.19,-9.81,-9.38,-7.19,-0.34,4.85,7.85,0.75,-4.0625,-27.625,-0.69,4.53,8.66,0.0,0.0,0.0,0.0
25.6,751.53,36.37,28.0,2.25,14.5,-39.19,-9.81,-9.38,-7.19,-0.34,4.85,7.85,0.75,-4.0625,-27.625,-0.69,4.53,8.66,0.0,0.0,0.0,0.0
25.6,751.62,36.38,28.0,1.5,16.25,-39.06,-48.13,17.5,38.06,-0.92,2.9,9.49,359.75,-3.6875,-21.6875,-0.63,3.61,9.09,0.0,0.0,0.0,0.0
25.6,751.62,36.38,28.0,1.5,16.25,-39.06,-48.13,17.5,38.06,-0.92,2.9,9.49,359.75,-3.6875,-21.6875,-0.63,3.61,9.09,0.0,0.0,0.0,0.0
25.61,751.62,36.39,28.0,2.19,14.88,-38.25,0.81,11.5,-12.5,0.15,5.36,8.6,4.1875,-4.3125,-22.1875,-0.78,3.69,9.04,0.0,0.0,0.0,0.0
25.61,751.62,36.39,28.0,2.19,14.88,-38.25,0.81,11.5,-12.5,0.15,5.36,8.6,4.1875,-4.3125,-22.1875,-0.78,3.69,9.04,0.0,0.0,0.0,0.0
25.57,751.54,36.4,28.0,1.75,12.56,-38.5,27.13,-17.44,14.88,0.37,5.12,9.9,0.9375,-1.75,-24.75,-0.3,4.1,8.9,0.0,0.0,0.0,0.0
25.57,751.54,36.4,28.0,1.75,12.56,-38.5,27.13,-17.44,14.88,0.37,5.12,9.9,0.9375,-1.75,-24.75,-0.3,4.1,8.9,0.0,0.0,0.0,0.0
25.56,751.57,36.47,28.0,2.5,9.69,-38.38,62.25,-12.06,13.63,0.58,5.76,7.02,352.9375,-0.5,-32.125,-0.09,5.22,8.29,0.0,0.0,0.0,0.0
25.56,751.57,36.47,28.0,2.5,9.69,-38.38,62.25,-12.06,13.63,0.58,5.76,7.02,352.9375,-0.5,-32.125,-0.09,5.22,8.29,0.0,0.0,0.0,0.0
25.55,751.53,36.51,28.0,-0.88,7.06,-38.75,4.63,-24.63,37.81,1.08,2.88,6.57,353.25,5.375,-32.625,0.92,5.26,8.21,0.0,0.0,0.0,0.0
25.55,751.53,36.51,28.0,-0.88,7.06,-38.75,4.63,-24.63,37.81,1.08,2.88,6.57,353.25,5.375,-32.625,0.92,5.26,8.21,0.0,0.0,0.0,0.0
25.59,751.59,36.54,28.0,-0.5,10.38,-41.0,13.69,19.69,-3.0,0.83,3.62,8.45,342.75,9.5,-29.8125,1.61,4.81,8.38,0.0,0.0,0.0,0.0
25.59,751.59,36.54,28.0,-0.5,10.38,-41.0,13.69,19.69,-3.0,0.83,3.62,8.45,342.75,9.5,-29.8125,1.61,4.81,8.38,0.0,0.0,0.0,0.0
25.59,751.6,36.57,28.0,0.25,1.88,-44.69,-83.19,-4.31,-14.25,0.62,6.97,12.0,346.625,6.125,-37.8125,1.05,5.98,7.69,0.0,0.0,0.0,0.0
25.59,751.6,36.57,28.0,0.25,1.88,-44.69,-83.19,-4.31,-14.25,0.62,6.97,12.0,346.625,6.125,-37.8125,1.05,5.98,7.69,0.0,0.0,0.0,0.0
25.59,751.6,36.59,28.0,3.69,7.06,-42.87,39.06,24.75,-21.25,-1.61,7.92,10.06,353.25,-2.75,-37.5,-0.54,6.01,7.72,0.0,0.0,0.0,0.0
25.59,751.6,36.59,28.0,3.69,7.06,-42.87,39.06,24.75,-21.25,-1.61,7.92,10.06,353.25,-2.75,-37.5,-0.54,6.01,7.72,0.0,0.0,0.0,0.0
25.6,751.58,36.59,28.0,15.06,-6.25,-39.06,40.44,7.56,15.63,-1.81,6.94,5.22,347.9375,-11.5,-53.25,-1.96,7.7,5.74,0.0,0.0,0.0,0.0
25.6,751.58,36.59,28.0,15.06,-6.25,-39.06,40.44,7.56,15.63,-1.81,6.94,5.22,347.9375,-11.5,-53.25,-1.96,7.7,5.74,0.0,0.0,0.0,0.0
25.6,751.56,36.59,28.0,10.38,-13.25,-35.19,-14.94,-31.81,-6.31,-0.84,8.36,5.97,348.625,-5.0,-56.375,-0.86,8.13,5.4,0.0,0.0,0.0,0.0
25.6,751.56,36.59,28.0,10.38,-13.25,-35.19,-14.94,-31.81,-6.31,-0.84,8.36,5.97,348.625,-5.0,-56.375,-0.86,8.13,5.4,0.0,0.0,0.0,0.0
25.56,751.61,36.65,28.0,6.38,-6.5,-38.0,-37.56,-35.13,27.44,-2.23,8.23,5.4,10.75,-17.75,-46.875,-2.99,6.82,6.37,0.0,0.0,0.0,0.0
25.56,751.61,36.65,28.0,6.38,-6.5,-38.0,-37.56,-35.13,27.44,-2.23,8.23,5.4,10.75,-17.75,-46.875,-2.99,6.82,6.37,0.0,0.0,0.0,0.0
25.54,751.57,36.69,28.0,1.25,3.69,-38.75,33.06,-5.19,-1.25,-0.6,7.34,8.12,1.9375,-4.3125,-35.125,-0.73,5.63,7.99,0.0,0.0,0.0,0.0
25.54,751.57,36.69,28.0,1.25,3.69,-38.75,33.06,-5.19,-1.25,-0.6,7.34,8.12,1.9375,-4.3125,-35.125,-0.73,5.63,7.99,0.0,0.0,0.0,0.0
25.53,751.63,36.68,28.0,-0.88,5.56,-38.38,84.38,29.69,-30.75,-2.41,5.98,7.03,5.75,-6.875,-37.6875,-1.17,5.95,7.69,0.0,0.0,0.0,0.0
25.53,751.63,36.68,28.0,-0.88,5.56,-38.38,84.38,29.69,-30.75,-2.41,5.98,7.03,5.75,-6.875,-37.6875,-1.17,5.95,7.69,0.0,0.0,0.0,0.0
25.54,751.63,36.72,28.0,-2.5,5.19,-36.69,65.75,5.63,-1.25,0.51,5.21,7.66,7.4375,-1.0,-38.5,-0.18,6.1,7.66,0.0,0.0,0.0,0.0
25.54,751.63,36.72,28.0,-2.5,5.19,-36.69,65.75,5.63,-1.25,0.51,5.21,7.66,7.4375,-1.0,-38.5,-0.18,6.1,7.66,0.0,0.0,0.0,0.0
25.47,751.55,36.79,28.0,0.56,-0.25,-35.25,48.5,35.06,28.56,-0.53,6.13,8.26,356.875,-0.5,-43.4375,-0.09,6.74,7.11,0.0,0.0,0.0,0.0
25.47,751.55,36.79,28.0,0.56,-0.25,-35.25,48.5,35.06,28.56,-0.53,6.13,8.26,356.875,-0.5,-43.4375,-0.09,6.74,7.11,0.0,0.0,0.0,0.0
25.42,751.61,36.9,28.0,-3.38,-4.06,-34.56,-56.81,-7.69,8.63,-1.03,9.2,11.87,355.0625,-0.0625,-42.125,-0.01,6.57,7.27,0.0,0.0,0.0,0.0
25.42,751.61,36.9,28.0,-3.38,-4.06,-34.56,-56.81,-7.69,8.63,-1.03,9.2,11.87,355.0625,-0.0625,-42.125,-0.01,6.57,7.27,0.0,0.0,0.0,0.0
25.41,751.57,36.96,28.0,-8.56,-1.75,-35.06,-40.06,-14.63,-51.62,-2.06,7.3,8.63,354.1875,-0.6875,-35.75,-0.12,5.73,7.95,0.0,0.0,0.0,0.0
25.41,751.57,36.96,28.0,-8.56,-1.75,-35.06,-40.06,-14.63,-51.62,-2.06,7.3,8.63,354.1875,-0.6875,-35.75,-0.12,5.73,7.95,0.0,0.0,0.0,0.0
25.39,751.6,36.98,28.0,-10.69,1.56,-38.19,-53.19,-6.44,-20.31,1.07,5.0,5.8,351.5625,5.0,-30.8125,0.85,5.0,8.38,0.0,0.0,0.0,0.0
25.39,751.6,36.98,28.0,-10.69,1.56,-38.19,-53.19,-6.44,-20.31,1.07,5.0,5.8,351.5625,5.0,-30.8125,0.85,5.0,8.38,0.0,0.0,0.0,0.0
25.37,751.6,36.98,28.0,-10.25,4.75,-37.37,-47.75,1.56,-26.31,0.35,4.05,5.46,356.625,0.8125,-27.4375,0.14,4.52,8.69,0.0,0.0,0.0,0.0
25.37,751.6,36.98,28.0,-10.25,4.75,-37.37,-47.75,1.56,-26.31,0.35,4.05,5.46,356.625,0.8125,-27.4375,0.14,4.52,8.69,0.0,0.0,0.0,0.0
25.35,751.57,37.02,28.0,-4.75,10.19,-35.38,17.5,12.63,-15.44,-0.68,5.25,9.66,349.6875,1.8125,-22.375,0.31,3.73,9.06,0.0,0.0,0.0,0.0
25.35,751.57,37.02,28.0,-4.75,10.19,-35.38,17.5,12.63,-15.44,-0.68,5.25,9.66,349.6875,1.8125,-22.375,0.31,3.73,9.06,0.0,0.0,0.0,0.0
25.32,751.59,37.09,28.0,-6.56,7.06,-32.5,79.81,58.5,-6.13,0.58,7.01,6.87,359.125,-1.5625,-27.5,-0.27,4.53,8.69,0.0,0.0,0.0,0.0
25.32,751.59,37.09,28.0,-6.56,7.06,-32.5,79.81,58.5,-6.13,0.58,7.01,6.87,359.125,-1.5625,-27.5,-0.27,4.53,8.69,0.0,0.0,0.0,0.0
25.27,751.61,37.09,28.0,-3.25,5.88,-32.88,-37.0,-15.13,13.81,1.43,3.09,7.74,0.9375,-3.25,-28.9375,-0.56,4.73,8.56,0.0,0.0,0.0,0.0
25.27,751.61,37.09,28.0,-3.25,5.88,-32.88,-37.0,-15.13,13.81,1.43,3.09,7.74,0.9375,-3.25,-28.9375,-0.56,4.73,8.56,0.0,0.0,0.0,0.0
25.25,751.63,37.16,28.0,-4.69,3.06,-33.69,1.63,31.88,18.5,0.2,5.54,8.44,351.3125,0.75,-32.875,0.13,5.32,8.23,0.0,0.0,0.0,0.0
25.25,751.63,37.16,28.0,-4.69,3.06,-33.69,1.63,31.88,18.5,0.2,5.54,8.44,351.3125,0.75,-32.875,0.13,5.32,8.23,0.0,0.0,0.0,0.0
25.26,751.57,37.18,27.0,-0.69,1.19,-33.25,-15.38,-1.5,3.88,0.42,7.48,11.22,345.1875,1.4375,-34.125,0.24,5.49,8.11,0.0,0.0,0.0,0.0
25.26,751.57,37.18,27.0,-0.69,1.19,-33.25,-15.38,-1.5,3.88,0.42,7.48,11.22,345.1875,1.4375,-34.125,0.24,5.49,8.11,0.0,0.0,0.0,0.0
25.27,751.59,37.18,28.0,-0.69,3.5,-31.19,-1.94,-20.19,-31.94,-1.49,6.29,11.76,353.0,-0.4375,-29.0625,-0.08,4.77,8.56,0.0,0.0,0.0,0.0
25.27,751.59,37.18,28.0,-0.69,3.5,-31.19,-1.94,-20.19,-31.94,-1.49,6.29,11.76,353.0,-0.4375,-29.0625,-0.08,4.77,8.56,0.0,0.0,0.0,0.0
25.26,751.59,37.23,28.0,0.0,3.06,-30.25,-16.31,1.88,-19.38,-2.66,5.89,8.03,354.0625,-0.75,-31.9375,-0.13,5.19,8.31,0.0,0.0,0.0,0.0
25.26,751.59,37.23,28.0,0.0,3.06,-30.25,-16.31,1.88,-19.38,-2.66,5.89,8.03,354.0625,-0.75,-31.9375,-0.13,5.19,8.31,0.0,0.0,0.0,0.0
25.25,751.58,37.25,28.0,-2.88,3.75,-31.5,-24.25,-17.13,-31.0,-0.33,4.25,6.27,1.3125,1.0,-29.6875,0.17,4.86,8.51,0.0,0.0,0.0,0.0
25.25,751.58,37.25,28.0,-2.88,3.75,-31.5,-24.25,-17.13,-31.0,-0.33,4.25,6.27,1.3125,1.0,-29.6875,0.17,4.86,8.51,0.0,0.0,0.0,0.0
25.25,751.58,37.27,28.0,-2.5,9.88,-31.5,-45.88,-19.69,3.81,-0.79,3.24,7.08,1.5625,-1.625,-20.4375,-0.28,3.42,9.18,0.0,0.0,0.0,0.0
25.25,751.58,37.27,28.0,-2.5,9.88,-31.5,-45.88,-19.69,3.81,-0.79,3.24,7.08,1.5625,-1.625,-20.4375,-0.28,3.42,9.18,0.0,0.0,0.0,0.0
25.22,751.62,37.29,28.0,0.06,14.25,-31.5,22.88,10.31,6.81,0.05,5.1,8.7,353.6875,1.9375,-16.9375,0.34,2.85,9.37,0.0,0.0,0.0,0.0
25.22,751.62,37.29,28.0,0.06,14.25,-31.5,22.88,10.31,6.81,0.05,5.1,8.7,353.6875,1.9375,-16.9375,0.34,2.85,9.37,0.0,0.0,0.0,0.0
25.21,751.54,37.35,27.0,-0.38,14.25,-32.19,107.56,34.19,54.5,1.89,4.78,9.97,350.75,2.5625,-20.875,0.44,3.5,9.15,0.0,0.0,0.0,0.0
25.21,751.54,37.35,27.0,-0.38,14.25,-32.19,107.56,34.19,54.5,1.89,4.78,9.97,350.75,2.5625,-20.875,0.44,3.5,9.15,0.0,0.0,0.0,0.0
25.22,751.59,37.42,28.0,-2.88,12.06,-33.75,43.38,8.06,39.81,0.72,2.47,7.18,349.25,5.8125,-24.5625,0.99,4.06,8.86,0.0,0.0,0.0,0.0
25.22,751.59,37.42,28.0,-2.88,12.06,-33.75,43.38,8.06,39.81,0.72,2.47,7.18,349.25,5.8125,-24.5625,0.99,4.06,8.86,0.0,0.0,0.0,0.0
25.22,751.53,37.44,28.0,0.38,7.38,-35.69,33.25,16.5,37.06,0.2,4.91,8.37,349.0,0.0,-31.4375,0.0,5.12,8.36,0.0,0.0,0.0,0.0
25.22,751.53,37.44,28.0,0.38,7.38,-35.69,33.25,16.5,37.06,0.2,4.91,8.37,349.0,0.0,-31.4375,0.0,5.12,8.36,0.0,0.0,0.0,0.0
25.22,751.63,37.44,28.0,0.75,5.25,-36.06,-24.38,-23.19,27.75,-1.99,6.19,11.77,351.1875,-1.0,-31.6875,-0.17,5.15,8.33,0.0,0.0,0.0,0.0
25.22,751.63,37.44,28.0,0.75,5.25,-36.06,-24.38,-23.19,27.75,-1.99,6.19,11.77,351.1875,-1.0,-31.6875,-0.17,5.15,8.33,0.0,0.0,0.0,0.0
25.2,751.57,37.49,27.0,-0.88,6.69,-35.19,11.88,23.94,-98.87,-2.63,7.34,8.88,356.5625,-1.625,-32.9375,-0.28,5.33,8.22,0.0,0.0,0.0,0.0
25.2,751.57,37.49,27.0,-0.88,6.69,-35.19,11.88,23.94,-98.87,-2.63,7.34,8.88,356.5625,-1.625,-32.9375,-0.28,5.33,8.22,0.0,0.0,0.0,0.0
25.19,751.58,37.55,27.0,-0.06,9.25,-35.19,3.75,-5.38,-26.88,0.07,5.31,5.24,357.1875,-1.25,-26.75,-0.21,4.41,8.75,0.0,0.0,0.0,0.0
25.19,751.58,37.55,27.0,-0.06,9.25,-35.19,3.75,-5.38,-26.88,0.07,5.31,5.24,357.1875,-1.25,-26.75,-0.21,4.41,8.75,0.0,0.0,0.0,0.0
25.18,751.59,37.63,27.0,-0.69,10.5,-32.69,-46.69,-29.56,1.5,-1.6,3.68,6.77,7.6875,-9.4375,-20.75,-1.61,3.43,9.04,0.0,0.0,0.0,0.0
25.18,751.59,37.63,27.0,-0.69,10.5,-32.69,-46.69,-29.56,1.5,-1.6,3.68,6.77,7.6875,-9.4375,-20.75,-1.61,3.43,9.04,0.0,0.0,0.0,0.0
25.16,751.59,37.68,27.0,-5.38,12.0,-34.69,36.06,-4.0,15.06,0.83,7.06,7.12,9.3125,-4.5625,-23.0,-0.78,3.82,8.99,0.0,0.0,0.0,0.0
25.16,751.59,37.68,27.0,-5.38,12.0,-34.69,36.06,-4.0,15.06,0.83,7.06,7.12,9.3125,-4.5625,-23.0,-0.78,3.82,8.99,0.0,0.0,0.0,0.0
25.14,751.57,37.74,27.0,-2.06,6.75,-36.56,73.25,14.19,41.75,-0.53,6.33,6.82,358.0625,-1.1875,-35.25,-0.21,5.65,8.0,0.0,0.0,0.0,0.0
25.14,751.57,37.74,27.0,-2.06,6.75,-36.56,73.25,14.19,41.75,-0.53,6.33,6.82,358.0625,-1.1875,-35.25,-0.21,5.65,8.0,0.0,0.0,0.0,0.0
25.12,751.54,37.81,27.0,-1.25,7.69,-35.5,-0.44,27.19,55.0,1.18,4.16,8.01,347.1875,5.8125,-29.9375,0.99,4.87,8.45,0.0,0.0,0.0,0.0
25.12,751.54,37.81,27.0,-1.25,7.69,-35.5,-0.44,27.19,55.0,1.18,4.16,8.01,347.1875,5.8125,-29.9375,0.99,4.87,8.45,0.0,0.0,0.0,0.0
25.09,751.55,37.82,27.0,-4.19,2.19,-35.19,9.88,-29.75,-63.06,-0.85,8.21,11.58,351.625,7.25,-37.375,1.23,5.91,7.72,0.0,0.0,0.0,0.0
25.09,751.55,37.82,27.0,-4.19,2.19,-35.19,9.88,-29.75,-63.06,-0.85,8.21,11.58,351.625,7.25,-37.375,1.23,5.91,7.72,0.0,0.0,0.0,0.0
25.04,751.57,37.83,27.0,-7.5,3.25,-35.5,1.38,9.19,-34.44,-1.68,9.1,10.99,2.0,5.125,-36.4375,0.88,5.8,7.85,0.0,0.0,0.0,0.0
25.04,751.57,37.83,27.0,-7.5,3.25,-35.5,1.38,9.19,-34.44,-1.68,9.1,10.99,2.0,5.125,-36.4375,0.88,5.8,7.85,0.0,0.0,0.0,0.0
25.01,751.51,37.87,27.0,-7.06,4.19,-35.88,-36.25,-18.56,-49.25,-2.61,4.19,8.21,17.6875,-4.4375,-30.1875,-0.76,4.92,8.44,0.0,0.0,0.0,0.0
25.01,751.51,37.87,27.0,-7.06,4.19,-35.88,-36.25,-18.56,-49.25,-2.61,4.19,8.21,17.6875,-4.4375,-30.1875,-0.76,4.92,8.44,0.0,0.0,0.0,0.0
24.96,751.6,37.89,27.0,-3.56,3.5,-36.69,-43.25,-18.31,-39.94,-1.03,4.67,5.33,12.0625,-5.0625,-31.375,-0.87,5.09,8.33,0.0,0.0,0.0,0.0
24.96,751.6,37.89,27.0,-3.56,3.5,-36.69,-43.25,-18.31,-39.94,-1.03,4.67,5.33,12.0625,-5.0625,-31.375,-0.87,5.09,8.33,0.0,0.0,0.0,0.0
24.93,751.57,37.91,27.0,-3.56,5.0,-35.06,-7.75,8.81,22.25,0.23,5.53,7.21,7.5,-0.125,-24.9375,-0.02,4.13,8.89,0.0,0.0,0.0,0.0
24.93,751.57,37.91,27.0,-3.56,5.0,-35.06,-7.75,8.81,22.25,0.23,5.53,7.21,7.5,-0.125,-24.9375,-0.02,4.13,8.89,0.0,0.0,0.0,0.0
24.84,751.61,37.93,27.0,-3.19,10.87,-31.88,111.12,33.56,47.56,1.04,6.46,8.38,1.5,5.9375,-26.625,0.99,4.54,8.63,0.0,0.0,0.0,0.0
24.84,751.61,37.93,27.0,-3.19,10.87,-31.88,111.12,33.56,47.56,1.04,6.46,8.38,1.5,5.9375,-26.625,0.99,4.54,8.63,0.0,0.0,0.0,0.0
24.82,751.49,37.99,27.0,1.88,12.88,-33.06,-2.88,22.25,28.13,-0.55,2.07,6.71,344.625,7.5,-22.75,1.28,3.76,8.96,0.0,0.0,0.0,0.0
24.82,751.49,37.99,27.0,1.88,12.88,-33.06,-2.88,22.25,28.13,-0.55,2.07,6.71,344.625,7.5,-22.75,1.28,3.76,8.96,0.0,0.0,0.0,0.0
24.76,751.57,38.08,27.0,0.0,10.5,-36.19,74.5,13.69,23.38,1.7,5.31,8.33,348.5625,6.9375,-31.1875,1.19,5.04,8.32,0.0,0.0,0.0,0.0
24.76,751.57,38.08,27.0,0.0,10.5,-36.19,74.5,13.69,23.38,1.7,5.31,8.33,348.5625,6.9375,-31.1875,1.19,5.04,8.32,0.0,0.0,0.0,0.0
24.71,751.62,38.11,27.0,1.75,7.5,-36.06,-50.06,-9.31,35.88,0.42,6.94,12.14,347.0625,5.1875,-28.1875,0.88,4.61,8.6,0.0,0.0,0.0,0.0
24.71,751.62,38.11,27.0,1.75,7.5,-36.06,-50.06,-9.31,35.88,0.42,6.94,12.14,347.0625,5.1875,-28.1875,0.88,4.61,8.6,0.0,0.0,0.0,0.0
24.67,751.65,38.09,27.0,-1.5,10.5,-34.5,18.44,-6.0,-2.31,-0.58,5.59,11.39,1.5625,0.75,-23.25,0.13,3.87,9.0,0.0,0.0,0.0,0.0
24.67,751.65,38.09,27.0,-1.5,10.5,-34.5,18.44,-6.0,-2.31,-0.58,5.59,11.39,1.5625,0.75,-23.25,0.13,3.87,9.0,0.0,0.0,0.0,0.0
24.64,751.63,38.13,27.0,-3.56,6.06,-36.0,-7.69,-19.81,4.13,-0.76,4.93,7.14,3.4375,2.0625,-32.3125,0.36,5.24,8.27,0.0,0.0,0.0,0.0
24.64,751.63,38.13,27.0,-3.56,6.06,-36.0,-7.69,-19.81,4.13,-0.76,4.93,7.14,3.4375,2.0625,-32.3125,0.36,5.24,8.27,0.0,0.0,0.0,0.0
24.6,751.65,38.16,27.0,-1.69,9.19,-37.5,-41.19,0.69,-10.87,-0.62,4.38,6.38,355.125,5.0,-23.4375,0.86,3.88,8.96,0.0,0.0,0.0,0.0
24.6,751.65,38.16,27.0,-1.69,9.19,-37.5,-41.19,0.69,-10.87,-0.62,4.38,6.38,355.125,5.0,-23.4375,0.86,3.88,8.96,0.0,0.0,0.0,0.0
24.57,751.6,38.2,27.0,-5.0,16.19,-33.5,-21.19,-26.06,25.06,2.9,4.1,9.73,356.8125,12.9375,-11.4375,2.19,1.9,9.36,0.0,0.0,0.0,0.0
24.57,751.6,38.2,27.0,-5.0,16.19,-33.5,-21.19,-26.06,25.06,2.9,4.1,9.73,356.8125,12.9375,-11.4375,2.19,1.9,9.36,0.0,0.0,0.0,0.0
24.52,751.57,38.21,27.0,-5.0,18.06,-33.0,-61.56,-52.5,-1.69,4.02,2.9,10.12,356.5,15.5,-8.875,2.62,1.46,9.33,0.0,0.0,0.0,0.0
24.52,751.57,38.21,27.0,-5.0,18.06,-33.0,-61.56,-52.5,-1.69,4.02,2.9,10.12,356.5,15.5,-8.875,2.62,1.46,9.33,0.0,0.0,0.0,0.0
24.5,751.63,38.27,27.0,0.88,17.69,-31.69,73.38,11.5,-12.44,0.89,5.95,7.22,352.0625,7.0625,-22.875,1.21,3.78,8.96,0.0,0.0,0.0,0.0
24.5,751.63,38.27,27.0,0.88,17.69,-31.69,73.38,11.5,-12.44,0.89,5.95,7.22,352.0625,7.0625,-22.875,1.21,3.78,8.96,0.0,0.0,0.0,0.0
24.46,751.56,38.31,27.0,-6.0,11.5,-34.06,-8.88,14.75,33.13,0.3,2.96,8.01,11.625,1.0625,-23.4375,0.18,3.9,8.99,0.0,0.0,0.0,0.0
24.46,751.56,38.31,27.0,-6.0,11.5,-34.06,-8.88,14.75,33.13,0.3,2.96,8.01,11.625,1.0625,-23.4375,0.18,3.9,8.99,0.0,0.0,0.0,0.0
24.45,751.62,38.34,27.0,3.5,14.38,-34.06,-37.37,6.19,16.06,-1.11,5.04,11.71,357.125,1.0,-20.25,0.17,3.39,9.19,0.0,0.0,0.0,0.0
24.45,751.62,38.34,27.0,3.5,14.38,-34.06,-37.37,6.19,16.06,-1.11,5.04,11.71,357.125,1.0,-20.25,0.17,3.39,9.19,0.0,0.0,0.0,0.0
24.43,751.67,38.39,27.0,6.06,16.25,-31.75,38.19,-4.88,-28.38,-1.84,6.34,10.42,356.5,-1.6875,-19.625,-0.29,3.29,9.23,0.0,0.0,0.0,0.0
24.43,751.67,38.39,27.0,6.06,16.25,-31.75,38.19,-4.88,-28.38,-1.84,6.34,10.42,356.5,-1.6875,-19.625,-0.29,3.29,9.23,0.0,0.0,0.0,0.0
24.41,751.6,38.42,27.0,3.38,14.38,-31.75,-22.88,-12.06,-25.44,-0.53,3.05,6.7,3.5,0.0,-21.125,0.0,3.54,9.14,0.0,0.0,0.0,0.0
24.41,751.6,38.42,27.0,3.38,14.38,-31.75,-22.88,-12.06,-25.44,-0.53,3.05,6.7,3.5,0.0,-21.125,0.0,3.54,9.14,0.0,0.0,0.0,0.0
24.35,751.58,38.5,27.0,4.19,12.56,-31.25,-52.0,-16.31,-1.88,-0.47,3.29,8.94,0.8125,1.8125,-18.5,0.31,3.11,9.29,0.0,0.0,0.0,0.0
24.35,751.58,38.5,27.0,4.19,12.56,-31.25,-52.0,-16.31,-1.88,-0.47,3.29,8.94,0.8125,1.8125,-18.5,0.31,3.11,9.29,0.0,0.0,0.0,0.0
24.33,751.63,38.56,27.0,7.06,13.69,-30.19,-0.06,-14.63,16.06,0.2,5.21,9.82,352.3125,0.9375,-19.4375,0.17,3.26,9.24,0.0,0.0,0.0,0.0
24.33,751.63,38.56,27.0,7.06,13.69,-30.19,-0.06,-14.63,16.06,0.2,5.21,9.82,352.3125,0.9375,-19.4375,0.17,3.26,9.24,0.0,0.0,0.0,0.0
24.31,751.56,38.62,27.0,5.69,13.56,-31.0,32.94,-1.06,43.94,2.53,3.45,8.86,344.8125,7.4375,-16.875,1.27,2.83,9.3,0.0,0.0,0.0,0.0
24.31,751.56,38.62,27.0,5.69,13.56,-31.0,32.94,-1.06,43.94,2.53,3.45,8.86,344.8125,7.4375,-16.875,1.27,2.83,9.3,0.0,0.0,0.0,0.0
24.23,751.6,38.71,27.0,7.0,9.06,-32.0,10.63,7.06,21.56,0.27,1.75,8.33,343.5625,4.5625,-24.0625,0.78,3.98,8.92,0.0,0.0,0.0,0.0
24.23,751.6,38.71,27.0,7.0,9.06,-32.0,10.63,7.06,21.56,0.27,1.75,8.33,343.5625,4.5625,-24.0625,0.78,3.98,8.92,0.0,0.0,0.0,0.0
24.21,751.55,38.81,27.0,7.69,4.19,-33.06,-46.31,12.12,-11.25,-1.86,6.38,10.23,345.6875,-0.6875,-30.5625,-0.12,4.99,8.44,0.0,0.0,0.0,0.0
24.21,751.55,38.81,27.0,7.69,4.19,-33.06,-46.31,12.12,-11.25,-1.86,6.38,10.23,345.6875,-0.6875,-30.5625,-0.12,4.99,8.44,0.0,0.0,0.0,0.0
24.15,751.6,38.95,27.0,5.06,7.06,-33.06,-3.19,7.88,-44.19,-1.36,5.49,8.48,355.375,0.875,-28.5625,0.15,4.69,8.6,0.0,0.0,0.0,0.0
24.15,751.6,38.95,27.0,5.06,7.06,-33.06,-3.19,7.88,-44.19,-1.36,5.49,8.48,355.375,0.875,-28.5625,0.15,4.69,8.6,0.0,0.0,0.0,0.0
24.11,751.6,39.07,27.0,2.88,4.75,-33.06,-74.38,-0.88,6.5,0.59,4.02,6.96,349.0625,4.875,-25.3125,0.83,4.18,8.83,0.0,0.0,0.0,0.0
24.11,751.6,39.07,27.0,2.88,4.75,-33.06,-74.38,-0.88,6.5,0.59,4.02,6.96,349.0625,4.875,-25.3125,0.83,4.18,8.83,0.0,0.0,0.0,0.0
24.01,751.58,39.16,27.0,2.5,11.88,-31.0,-19.38,-20.88,1.63,0.38,4.64,9.31,352.125,5.5,-16.125,0.94,2.71,9.37,0.0,0.0,0.0,0.0
24.01,751.58,39.16,27.0,2.5,11.88,-31.0,-19.38,-20.88,1.63,0.38,4.64,9.31,352.125,5.5,-16.125,0.94,2.71,9.37,0.0,0.0,0.0,0.0
23.98,751.57,39.32,27.0,-1.56,11.88,-30.69,84.63,49.63,28.75,-0.03,5.21,6.53,358.25,0.75,-23.9375,0.13,3.98,8.96,0.0,0.0,0.0,0.0
23.98,751.57,39.32,27.0,-1.56,11.88,-30.69,84.63,49.63,28.75,-0.03,5.21,6.53,358.25,0.75,-23.9375,0.13,3.98,8.96,0.0,0.0,0.0,0.0
23.94,751.57,39.46,27.0,9.5,10.38,-31.06,13.37,4.06,12.25,-0.27,2.87,6.49,343.6875,-6.3125,-25.625,-1.08,4.22,8.78,0.0,0.0,0.0,0.0
23.94,751.57,39.46,27.0,9.5,10.38,-31.06,13.37,4.06,12.25,-0.27,2.87,6.49,343.6875,-6.3125,-25.625,-1.08,4.22,8.78,0.0,0.0,0.0,0.0
23.9,751.6,39.62,27.0,11.69,1.19,-32.75,3.63,-31.06,5.38,-0.62,5.45,11.53,332.125,0.4375,-36.625,0.08,5.85,7.86,0.0,0.0,0.0,0.0
23.9,751.6,39.62,27.0,11.69,1.19,-32.75,3.63,-31.06,5.38,-0.62,5.45,11.53,332.125,0.4375,-36.625,0.08,5.85,7.86,0.0,0.0,0.0,0.0
23.81,751.6,39.73,27.0,1.75,2.88,-35.19,-37.0,33.19,-34.81,-1.61,6.58,9.03,349.3125,1.5,-34.875,0.26,5.6,8.03,0.0,0.0,0.0,0.0
23.81,751.6,39.73,27.0,1.75,2.88,-35.19,-37.0,33.19,-34.81,-1.61,6.58,9.03,349.3125,1.5,-34.875,0.26,5.6,8.03,0.0,0.0,0.0,0.0
23.8,751.52,39.82,27.0,10.38,-3.69,-33.56,-53.94,13.06,-11.88,-0.57,9.1,10.49,327.5625,0.4375,-41.6875,0.03,6.46,7.37,0.0,0.0,0.0,0.0
23.8,751.52,39.82,27.0,10.38,-3.69,-33.56,-53.94,13.06,-11.88,-0.57,9.1,10.49,327.5625,0.4375,-41.6875,0.03,6.46,7.37,0.0,0.0,0.0,0.0
23.73,751.57,39.92,27.0,14.38,-0.5,-32.37,-19.94,4.94,-67.69,-0.85,7.12,8.74,317.625,1.0625,-33.625,0.19,5.43,8.16,0.0,0.0,0.0,0.0
23.73,751.57,39.92,27.0,14.38,-0.5,-32.37,-19.94,4.94,-67.69,-0.85,7.12,8.74,317.625,1.0625,-33.625,0.19,5.43,8.16,0.0,0.0,0.0,0.0
23.63,751.58,39.98,27.0,9.88,8.5,-32.37,-39.31,-41.31,-36.25,-0.43,2.77,5.39,336.375,0.875,-21.5625,0.15,3.6,9.11,0.0,0.0,0.0,0.0
23.63,751.58,39.98,27.0,9.88,8.5,-32.37,-39.31,-41.31,-36.25,-0.43,2.77,5.39,336.375,0.875,-21.5625,0.15,3.6,9.11,0.0,0.0,0.0,0.0
23.6,751.55,40.03,27.0,2.06,13.0,-32.69,-12.75,23.44,9.75,0.55,4.51,8.15,344.1875,6.0,-13.375,1.03,2.25,9.48,0.0,0.0,0.0,0.0
23.6,751.55,40.03,27.0,2.06,13.0,-32.69,-12.75,23.44,9.75,0.55,4.51,8.15,344.1875,6.0,-13.375,1.03,2.25,9.48,0.0,0.0,0.0,0.0
23.58,751.49,40.09,27.0,5.0,12.56,-34.56,99.06,30.19,29.56,0.02,6.0,7.64,338.0,2.25,-22.0,0.38,3.67,9.08,0.0,0.0,0.0,0.0
23.58,751.49,40.09,27.0,5.0,12.56,-34.56,99.06,30.19,29.56,0.02,6.0,7.64,338.0,2.25,-22.0,0.38,3.67,9.08,0.0,0.0,0.0,0.0
23.57,751.62,40.16,27.0,6.75,4.69,-36.19,24.81,17.88,37.31,0.96,3.79,6.61,335.8125,3.4375,-30.0,0.59,4.9,8.47,0.0,0.0,0.0,0.0
23.56,751.52,40.37,27.0,6.5,1.25,-36.5,-23.25,-5.38,10.13,0.06,7.96,11.54,335.5625,2.1875,-33.1875,0.37,5.36,8.19,0.0,0.0,0.0,0.0
23.56,751.52,40.37,27.0,6.5,1.25,-36.5,-23.25,-5.38,10.13,0.06,7.96,11.54,335.5625,2.1875,-33.1875,0.37,5.36,8.19,0.0,0.0,0.0,0.0
23.53,751.63,40.63,27.0,5.88,-0.25,-36.75,-23.81,-11.19,-11.13,-2.2,6.51,12.47,338.5625,1.6875,-32.4375,0.29,5.26,8.26,0.0,0.0,0.0,0.0
23.53,751.63,40.63,27.0,5.88,-0.25,-36.75,-23.81,-11.19,-11.13,-2.2,6.51,12.47,338.5625,1.6875,-32.4375,0.29,5.26,8.26,0.0,0.0,0.0,0.0
23.53,751.56,40.93,27.0,6.5,6.88,-35.5,-68.0,-22.56,-71.75,-0.17,9.25,10.04,338.4375,6.25,-23.875,1.06,3.94,8.91,0.0,0.0,0.0,0.0
23.53,751.56,40.93,27.0,6.5,6.88,-35.5,-68.0,-22.56,-71.75,-0.17,9.25,10.04,338.4375,6.25,-23.875,1.06,3.94,8.91,0.0,0.0,0.0,0.0
23.53,751.52,41.15,27.0,3.56,2.25,-36.5,-45.44,-9.63,-0.94,1.64,4.67,7.39,338.0,9.8125,-29.0,1.67,4.68,8.44,0.0,0.0,0.0,0.0
23.53,751.52,41.15,27.0,3.56,2.25,-36.5,-45.44,-9.63,-0.94,1.64,4.67,7.39,338.0,9.8125,-29.0,1.67,4.68,8.44,0.0,0.0,0.0,0.0
23.5,751.48,41.27,27.0,6.88,-5.75,-35.19,-46.88,-8.06,-43.13,0.92,5.6,6.24,323.875,10.3125,-37.3125,1.75,5.85,7.67,0.0,0.0,0.0,0.0
23.5,751.48,41.27,27.0,6.88,-5.75,-35.19,-46.88,-8.06,-43.13,0.92,5.6,6.24,323.875,10.3125,-37.3125,1.75,5.85,7.67,0.0,0.0,0.0,0.0
23.48,751.49,41.27,27.0,7.25,-2.88,-35.56,-72.25,3.75,-37.37,-1.85,7.23,7.74,329.0,4.9375,-34.6875,0.85,5.56,8.02,0.0,0.0,0.0,0.0
23.48,751.49,41.27,27.0,7.25,-2.88,-35.56,-72.25,3.75,-37.37,-1.85,7.23,7.74,329.0,4.9375,-34.6875,0.85,5.56,8.02,0.0,0.0,0.0,0.0
23.48,751.51,41.3,26.0,12.19,0.19,-35.88,-68.31,-10.0,2.75,-0.2,4.94,6.11,316.875,5.875,-21.0625,1.0,3.5,9.1,0.0,0.0,0.0,0.0
23.48,751.51,41.3,26.0,12.19,0.19,-35.88,-68.31,-10.0,2.75,-0.2,4.94,6.11,316.875,5.875,-21.0625,1.0,3.5,9.1,0.0,0.0,0.0,0.0
23.46,751.52,41.27,26.0,15.19,1.25,-34.19,-75.5,-11.38,-20.13,-0.81,5.08,6.76,319.5,0.125,-19.375,0.02,3.25,9.25,0.0,0.0,0.0,0.0
23.46,751.52,41.27,26.0,15.19,1.25,-34.19,-75.5,-11.38,-20.13,-0.81,5.08,6.76,319.5,0.125,-19.375,0.02,3.25,9.25,0.0,0.0,0.0,0.0
23.46,751.48,41.12,26.0,6.69,14.5,-34.19,5.31,9.69,19.56,0.72,3.7,9.09,333.5,5.125,-9.8125,0.88,1.67,9.62,0.0,0.0,0.0,0.0
23.46,751.48,41.12,26.0,6.69,14.5,-34.19,5.31,9.69,19.56,0.72,3.7,9.09,333.5,5.125,-9.8125,0.88,1.67,9.62,0.0,0.0,0.0,0.0
23.47,751.53,41.09,27.0,7.88,12.56,-34.06,82.25,38.81,-7.63,2.27,4.81,8.25,320.25,10.0625,-15.5,1.72,2.58,9.3,0.0,0.0,0.0,0.0
23.47,751.53,41.09,27.0,7.88,12.56,-34.06,82.25,38.81,-7.63,2.27,4.81,8.25,320.25,10.0625,-15.5,1.72,2.58,9.3,0.0,0.0,0.0,0.0
23.48,751.46,41.0,26.0,8.56,6.25,-35.25,71.75,21.38,-3.69,2.72,5.75,6.7,316.0625,10.6875,-21.25,1.78,3.58,8.95,0.0,0.0,0.0,0.0
23.48,751.46,41.0,26.0,8.56,6.25,-35.25,71.75,21.38,-3.69,2.72,5.75,6.7,316.0625,10.6875,-21.25,1.78,3.58,8.95,0.0,0.0,0.0,0.0
23.47,751.49,40.86,27.0,9.75,2.56,-36.5,48.63,-13.37,21.31,1.75,4.62,7.11,313.375,8.0,-26.9375,1.37,4.4,8.65,0.0,0.0,0.0,0.0
23.47,751.49,40.86,27.0,9.75,2.56,-36.5,48.63,-13.37,21.31,1.75,4.62,7.11,313.375,8.0,-26.9375,1.37,4.4,8.65,0.0,0.0,0.0,0.0
23.47,751.49,40.79,27.0,12.75,1.75,-34.75,-14.5,6.44,20.19,0.42,3.01,7.56,314.0625,2.25,-24.8125,0.39,4.11,8.89,0.0,0.0,0.0,0.0
23.47,751.49,40.79,27.0,12.75,1.75,-34.75,-14.5,6.44,20.19,0.42,3.01,7.56,314.0625,2.25,-24.8125,0.39,4.11,8.89,0.0,0.0,0.0,0.0
23.49,751.44,40.77,26.0,14.56,4.88,-34.38,13.31,-6.88,35.63,0.27,4.02,7.48,323.0625,-6.3125,-24.0,-1.08,3.96,8.9,0.0,0.0,0.0,0.0
23.49,751.44,40.77,26.0,14.56,4.88,-34.38,13.31,-6.88,35.63,0.27,4.02,7.48,323.0625,-6.3125,-24.0,-1.08,3.96,8.9,0.0,0.0,0.0,0.0
23.48,751.4,40.66,26.0,13.37,4.88,-32.5,16.44,-39.44,44.19,1.23,5.56,7.27,320.8125,-3.4375,-22.3125,-0.59,3.71,9.05,0.0,0.0,0.0,0.0
23.48,751.4,40.66,26.0,13.37,4.88,-32.5,16.44,-39.44,44.19,1.23,5.56,7.27,320.8125,-3.4375,-22.3125,-0.59,3.71,9.05,0.0,0.0,0.0,0.0
23.49,751.38,40.65,26.0,14.5,9.25,-31.25,13.81,-56.38,20.38,1.26,6.1,9.28,322.9375,-2.5625,-15.5,-0.44,2.61,9.44,0.0,0.0,0.0,0.0
23.49,751.38,40.65,26.0,14.5,9.25,-31.25,13.81,-56.38,20.38,1.26,6.1,9.28,322.9375,-2.5625,-15.5,-0.44,2.61,9.44,0.0,0.0,0.0,0.0
23.48,751.39,40.62,26.0,12.25,2.56,-32.88,-8.81,-15.31,29.81,1.77,4.32,11.24,306.5,1.9375,-12.875,0.33,2.18,9.55,0.0,0.0,0.0,0.0
23.48,751.39,40.62,26.0,12.25,2.56,-32.88,-8.81,-15.31,29.81,1.77,4.32,11.24,306.5,1.9375,-12.875,0.33,2.18,9.55,0.0,0.0,0.0,0.0
23.48,751.4,40.9,26.0,12.5,-0.19,-31.19,20.38,26.81,11.38,0.46,3.85,9.83,305.6875,2.0,-15.5,0.34,2.62,9.44,0.0,0.0,0.0,0.0
23.48,751.4,40.9,26.0,12.5,-0.19,-31.19,20.38,26.81,11.38,0.46,3.85,9.83,305.6875,2.0,-15.5,0.34,2.62,9.44,0.0,0.0,0.0,0.0
23.5,751.32,41.11,26.0,15.88,-0.56,-27.19,11.31,31.5,-59.63,-0.67,4.48,8.63,321.8125,-8.875,-22.8125,-1.51,3.76,8.92,0.0,0.0,0.0,0.0
23.5,751.32,41.11,26.0,15.88,-0.56,-27.19,11.31,31.5,-59.63,-0.67,4.48,8.63,321.8125,-8.875,-22.8125,-1.51,3.76,8.92,0.0,0.0,0.0,0.0
23.51,751.38,41.12,26.0,9.56,2.0,-26.5,27.5,-6.06,-32.63,-0.15,5.57,7.56,320.4375,4.125,-23.1875,0.71,3.85,8.98,0.0,0.0,0.0,0.0
23.51,751.38,41.12,26.0,9.56,2.0,-26.5,27.5,-6.06,-32.63,-0.15,5.57,7.56,320.4375,4.125,-23.1875,0.71,3.85,8.98,0.0,0.0,0.0,0.0
23.51,751.4,41.02,26.0,11.69,1.56,-26.56,-50.63,-7.44,-56.69,0.31,4.28,7.34,321.8125,3.4375,-22.3125,0.59,3.71,9.05,0.0,0.0,0.0,0.0
23.51,751.4,41.02,26.0,11.69,1.56,-26.56,-50.63,-7.44,-56.69,0.31,4.28,7.34,321.8125,3.4375,-22.3125,0.59,3.71,9.05,0.0,0.0,0.0,0.0
23.51,751.36,40.87,26.0,12.5,6.25,-29.25,-49.25,-23.69,-31.31,0.6,3.51,7.44,326.6875,2.375,-18.4375,0.4,3.1,9.29,0.0,0.0,0.0,0.0
23.51,751.36,40.87,26.0,12.5,6.25,-29.25,-49.25,-23.69,-31.31,0.6,3.51,7.44,326.6875,2.375,-18.4375,0.4,3.1,9.29,0.0,0.0,0.0,0.0
23.52,751.38,40.73,26.0,2.75,14.06,-32.5,-3.81,10.5,19.0,2.48,5.09,8.31,339.3125,10.125,-13.125,1.72,2.2,9.39,0.0,0.0,0.0,0.0
23.52,751.38,40.73,26.0,2.75,14.06,-32.5,-3.81,10.5,19.0,2.48,5.09,8.31,339.3125,10.125,-13.125,1.72,2.2,9.39,0.0,0.0,0.0,0.0
23.55,751.41,40.61,26.0,7.56,7.06,-34.38,16.81,6.56,37.81,1.31,6.89,7.67,333.9375,2.625,-25.5625,0.45,4.23,8.83,0.0,0.0,0.0,0.0
23.55,751.41,40.61,26.0,7.56,7.06,-34.38,16.81,6.56,37.81,1.31,6.89,7.67,333.9375,2.625,-25.5625,0.45,4.23,8.83,0.0,0.0,0.0,0.0
23.56,751.36,40.5,26.0,16.38,7.38,-32.5,11.75,-19.44,50.37,1.33,5.94,8.86,306.5,5.6875,-13.4375,0.97,2.27,9.48,0.0,0.0,0.0,0.0
23.56,751.36,40.5,26.0,16.38,7.38,-32.5,11.75,-19.44,50.37,1.33,5.94,8.86,306.5,5.6875,-13.4375,0.97,2.27,9.48,0.0,0.0,0.0,0.0
23.57,751.41,40.38,26.0,18.06,3.75,-32.0,1.38,25.81,3.0,-1.84,6.09,5.97,314.875,-6.75,-24.75,-1.16,4.08,8.83,0.0,0.0,0.0,0.0
23.57,751.41,40.38,26.0,18.06,3.75,-32.0,1.38,25.81,3.0,-1.84,6.09,5.97,314.875,-6.75,-24.75,-1.16,4.08,8.83,0.0,0.0,0.0,0.0
23.57,751.42,40.28,26.0,21.88,0.75,-30.38,13.63,-6.19,16.31,0.26,4.36,7.79,298.8125,-3.8125,-19.375,-0.66,3.25,9.22,0.0,0.0,0.0,0.0
23.57,751.42,40.28,26.0,21.88,0.75,-30.38,13.63,-6.19,16.31,0.26,4.36,7.79,298.8125,-3.8125,-19.375,-0.66,3.25,9.22,0.0,0.0,0.0,0.0
23.55,751.33,40.14,26.0,26.0,-4.25,-26.88,-5.31,-44.06,7.5,2.15,4.48,8.34,295.0625,-7.5,-24.375,-1.28,4.01,8.85,0.0,0.0,0.0,0.0
23.55,751.33,40.14,26.0,26.0,-4.25,-26.88,-5.31,-44.06,7.5,2.15,4.48,8.34,295.0625,-7.5,-24.375,-1.28,4.01,8.85,0.0,0.0,0.0,0.0
23.53,751.37,40.0,26.0,21.56,-11.38,-26.88,-17.88,1.56,3.38,-0.19,5.55,6.14,284.5,-3.125,-30.375,-0.54,4.95,8.44,0.0,0.0,0.0,0.0
23.53,751.37,40.0,26.0,21.56,-11.38,-26.88,-17.88,1.56,3.38,-0.19,5.55,6.14,284.5,-3.125,-30.375,-0.54,4.95,8.44,0.0,0.0,0.0,0.0
23.56,751.35,39.91,26.0,16.19,-6.69,-31.06,6.31,26.38,9.88,1.47,5.5,7.26,298.8125,2.4375,-30.5,0.42,4.98,8.43,0.0,0.0,0.0,0.0
23.56,751.35,39.91,26.0,16.19,-6.69,-31.06,6.31,26.38,9.88,1.47,5.5,7.26,298.8125,2.4375,-30.5,0.42,4.98,8.43,0.0,0.0,0.0,0.0
23.54,751.39,39.84,26.0,21.88,-13.56,-24.69,-4.69,12.88,53.94,0.18,5.11,7.37,267.9375,-0.625,-22.6875,-0.11,3.78,9.04,0.0,0.0,0.0,0.0
23.54,751.39,39.84,26.0,21.88,-13.56,-24.69,-4.69,12.88,53.94,0.18,5.11,7.37,267.9375,-0.625,-22.6875,-0.11,3.78,9.04,0.0,0.0,0.0,0.0
23.53,751.31,39.79,26.0,16.5,5.38,-32.56,34.44,-29.13,3.44,0.16,5.17,8.91,319.625,2.0625,-17.6875,0.4,3.03,9.31,0.0,0.0,0.0,0.0
23.53,751.31,39.79,26.0,16.5,5.38,-32.56,34.44,-29.13,3.44,0.16,5.17,8.91,319.625,2.0625,-17.6875,0.4,3.03,9.31,0.0,0.0,0.0,0.0
23.52,751.36,39.73,26.0,-13.75,1.25,-31.88,21.12,14.38,-31.19,-0.88,5.99,7.33,23.6875,5.5,-33.9375,0.94,5.45,8.09,0.0,0.0,0.0,0.0
23.52,751.36,39.73,26.0,-13.75,1.25,-31.88,21.12,14.38,-31.19,-0.88,5.99,7.33,23.6875,5.5,-33.9375,0.94,5.45,8.09,0.0,0.0,0.0,0.0
23.52,751.35,39.73,26.0,-11.88,-1.5,-33.56,-5.5,1.19,2.19,-0.63,5.79,7.71,24.375,0.5625,-36.875,0.09,5.88,7.84,0.0,0.0,0.0,0.0
23.52,751.35,39.73,26.0,-11.88,-1.5,-33.56,-5.5,1.19,2.19,-0.63,5.79,7.71,24.375,0.5625,-36.875,0.09,5.88,7.84,0.0,0.0,0.0,0.0
23.5,751.36,39.8,26.0,-14.88,-1.5,-30.75,0.5,-0.38,2.19,0.16,5.85,7.84,28.3125,1.625,-36.625,0.28,5.85,7.86,0.0,0.0,0.0,0.0
23.5,751.36,39.8,26.0,-14.88,-1.5,-30.75,0.5,-0.38,2.19,0.16,5.85,7.84,28.3125,1.625,-36.625,0.28,5.85,7.86,0.0,0.0,0.0,0.0
23.49,751.33,39.96,26.0,-13.75,-1.88,-32.0,-5.06,-0.75,7.5,0.53,5.97,7.94,22.6875,2.6875,-37.0,0.46,5.89,7.82,0.0,0.0,0.0,0.0
23.49,751.33,39.96,26.0,-13.75,-1.88,-32.0,-5.06,-0.75,7.5,0.53,5.97,7.94,22.6875,2.6875,-37.0,0.46,5.89,7.82,0.0,0.0,0.0,0.0
23.51,751.39,39.99,26.0,-10.56,-0.38,-33.56,11.06,-26.25,-30.5,0.63,7.03,8.78,16.75,2.3125,-38.5625,0.39,6.1,7.66,0.0,0.0,0.0,0.0
23.51,751.39,39.99,26.0,-10.56,-0.38,-33.56,11.06,-26.25,-30.5,0.63,7.03,8.78,16.75,2.3125,-38.5625,0.39,6.1,7.66,0.0,0.0,0.0,0.0
23.53,751.41,40.04,26.0,-20.19,-2.88,-29.25,1.25,-35.75,-53.44,0.5,5.74,7.47,37.875,4.375,-36.4375,0.74,5.82,7.85,0.0,0.0,0.0,0.0
23.53,751.41,40.04,26.0,-20.19,-2.88,-29.25,1.25,-35.75,-53.44,0.5,5.74,7.47,37.875,4.375,-36.4375,0.74,5.82,7.85,0.0,0.0,0.0,0.0
23.51,751.39,40.09,26.0,-11.19,-36.19,-1.88,32.19,-37.37,-33.75,0.38,7.35,6.49,157.3125,-0.6875,-42.375,-0.12,6.61,7.23,0.0,0.0,0.0,0.0
23.51,751.39,40.09,26.0,-11.19,-36.19,-1.88,32.19,-37.37,-33.75,0.38,7.35,6.49,157.3125,-0.6875,-42.375,-0.12,6.61,7.23,0.0,0.0,0.0,0.0
23.56,751.37,40.05,26.0,-9.75,-31.75,21.88,18.31,-0.25,15.38,1.82,9.99,4.03,158.6875,21.75,-75.75,3.64,8.82,2.23,0.0,0.0,0.0,0.0
23.56,751.37,40.05,26.0,-9.75,-31.75,21.88,18.31,-0.25,15.38,1.82,9.99,4.03,158.6875,21.75,-75.75,3.64,8.82,2.23,0.0,0.0,0.0,0.0
23.51,751.37,39.99,26.0,-7.75,-35.56,16.5,14.06,3.31,16.38,2.55,9.09,3.83,164.0625,17.5,-69.25,2.95,8.74,3.31,0.0,0.0,0.0,0.0
23.51,751.37,39.99,26.0,-7.75,-35.56,16.5,14.06,3.31,16.38,2.55,9.09,3.83,164.0625,17.5,-69.25,2.95,8.74,3.31,0.0,0.0,0.0,0.0
23.47,751.38,39.96,26.0,6.06,-37.0,-1.06,-0.31,-25.69,-78.44,0.16,4.85,4.55,196.3125,-7.0625,-41.875,-1.2,6.49,7.24,0.0,0.0,0.0,0.0
23.47,751.38,39.96,26.0,6.06,-37.0,-1.06,-0.31,-25.69,-78.44,0.16,4.85,4.55,196.3125,-7.0625,-41.875,-1.2,6.49,7.24,0.0,0.0,0.0,0.0
23.55,751.35,39.93,26.0,11.56,-34.5,-8.75,-0.31,-1.56,9.94,-0.11,6.4,7.53,204.625,-1.125,-36.4375,-0.19,5.82,7.88,0.0,0.0,0.0,0.0
23.55,751.35,39.93,26.0,11.56,-34.5,-8.75,-0.31,-1.56,9.94,-0.11,6.4,7.53,204.625,-1.125,-36.4375,-0.19,5.82,7.88,0.0,0.0,0.0,0.0
23.59,751.39,39.87,26.0,11.19,-33.06,-8.0,-1.69,-0.38,-4.0,-0.42,5.96,7.96,202.125,-2.75,-36.25,-0.47,5.79,7.89,0.0,0.0,0.0,0.0
23.59,751.39,39.87,26.0,11.19,-33.06,-8.0,-1.69,-0.38,-4.0,-0.42,5.96,7.96,202.125,-2.75,-36.25,-0.47,5.79,7.89,0.0,0.0,0.0,0.0
23.64,751.29,39.85,27.0,12.25,-33.5,-7.19,3.25,5.69,1.38,-0.51,5.82,8.04,202.125,-3.3125,-36.5,-0.57,5.82,7.86,0.0,0.0,0.0,0.0
23.64,751.29,39.85,27.0,12.25,-33.5,-7.19,3.25,5.69,1.38,-0.51,5.82,8.04,202.125,-3.3125,-36.5,-0.57,5.82,7.86,0.0,0.0,0.0,0.0
23.67,751.34,39.81,27.0,12.69,-33.75,-7.19,2.38,-2.63,0.25,-0.74,5.77,8.0,202.75,-4.5,-35.4375,-0.77,5.67,7.96,0.0,0.0,0.0,0.0
23.67,751.34,39.81,27.0,12.69,-33.75,-7.19,2.38,-2.63,0.25,-0.74,5.77,8.0,202.75,-4.5,-35.4375,-0.77,5.67,7.96,0.0,0.0,0.0,0.0
23.7,751.31,39.76,26.0,13.5,-33.75,-6.38,-2.0,-8.56,-5.75,-0.46,6.45,7.63,204.75,-4.4375,-37.9375,-0.76,6.01,7.7,0.0,0.0,0.0,0.0
23.7,751.31,39.76,26.0,13.5,-33.75,-6.38,-2.0,-8.56,-5.75,-0.46,6.45,7.63,204.75,-4.4375,-37.9375,-0.76,6.01,7.7,0.0,0.0,0.0,0.0
23.73,751.37,39.7,27.0,12.0,-34.19,-6.75,7.25,1.31,0.06,-0.56,6.1,7.83,203.25,-4.0625,-38.0625,-0.7,6.03,7.69,0.0,0.0,0.0,0.0
23.73,751.37,39.7,27.0,12.0,-34.19,-6.75,7.25,1.31,0.06,-0.56,6.1,7.83,203.25,-4.0625,-38.0625,-0.7,6.03,7.69,0.0,0.0,0.0,0.0
23.75,751.32,39.65,27.0,8.25,-35.69,-5.25,-0.13,2.31,1.25,0.09,5.96,7.81,197.375,-0.125,-37.875,-0.02,6.02,7.73,0.0,0.0,0.0,0.0
23.75,751.32,39.65,27.0,8.25,-35.69,-5.25,-0.13,2.31,1.25,0.09,5.96,7.81,197.375,-0.125,-37.875,-0.02,6.02,7.73,0.0,0.0,0.0,0.0
23.77,751.36,39.63,27.0,10.56,-34.5,-6.88,0.13,11.0,-9.06,-1.39,5.73,7.24,199.6875,-3.625,-37.1875,-0.62,5.91,7.79,0.0,0.0,0.0,0.0
23.77,751.36,39.63,27.0,10.56,-34.5,-6.88,0.13,11.0,-9.06,-1.39,5.73,7.24,199.6875,-3.625,-37.1875,-0.62,5.91,7.79,0.0,0.0,0.0,0.0
23.79,751.37,39.57,27.0,9.25,-35.69,-4.88,-6.69,-11.44,-6.88,-1.01,6.17,7.57,195.875,-4.25,-38.25,-0.73,6.05,7.67,0.0,0.0,0.0,0.0
23.79,751.37,39.57,27.0,9.25,-35.69,-4.88,-6.69,-11.44,-6.88,-1.01,6.17,7.57,195.875,-4.25,-38.25,-0.73,6.05,7.67,0.0,0.0,0.0,0.0
23.82,751.4,39.54,27.0,11.69,-34.5,-4.88,3.44,-0.44,1.5,-0.3,6.53,7.7,201.0,-3.5,-38.875,-0.6,6.14,7.61,0.0,0.0,0.0,0.0
23.82,751.4,39.54,27.0,11.69,-34.5,-4.88,3.44,-0.44,1.5,-0.3,6.53,7.7,201.0,-3.5,-38.875,-0.6,6.14,7.61,0.0,0.0,0.0,0.0
23.85,751.43,39.51,27.0,11.25,-34.5,-4.88,8.69,2.81,-2.25,-0.71,6.15,7.71,200.3125,-4.375,-39.1875,-0.75,6.18,7.57,0.0,0.0,0.0,0.0
23.85,751.43,39.51,27.0,11.25,-34.5,-4.88,8.69,2.81,-2.25,-0.71,6.15,7.71,200.3125,-4.375,-39.1875,-0.75,6.18,7.57,0.0,0.0,0.0,0.0
23.87,751.32,39.47,27.0,8.38,-36.38,-2.06,-6.38,9.69,-0.44,-1.3,6.75,7.21,192.875,-4.4375,-43.1875,-0.76,6.69,7.12,0.0,0.0,0.0,0.0
23.87,751.32,39.47,27.0,8.38,-36.38,-2.06,-6.38,9.69,-0.44,-1.3,6.75,7.21,192.875,-4.4375,-43.1875,-0.76,6.69,7.12,0.0,0.0,0.0,0.0
23.89,751.41,39.42,27.0,9.75,-35.25,-4.5,-1.88,3.0,4.38,0.16,6.3,7.37,195.1875,-1.25,-41.1875,-0.22,6.46,7.37,0.0,0.0,0.0,0.0
23.89,751.41,39.42,27.0,9.75,-35.25,-4.5,-1.88,3.0,4.38,0.16,6.3,7.37,195.1875,-1.25,-41.1875,-0.22,6.46,7.37,0.0,0.0,0.0,0.0
23.89,751.4,39.42,27.0,8.75,-36.0,-3.75,-0.25,3.94,0.56,-0.64,6.62,7.33,193.9375,-2.625,-42.0625,-0.45,6.57,7.26,0.0,0.0,0.0,0.0
23.89,751.4,39.42,27.0,8.75,-36.0,-3.75,-0.25,3.94,0.56,-0.64,6.62,7.33,193.9375,-2.625,-42.0625,-0.45,6.57,7.26,0.0,0.0,0.0,0.0
23.91,751.31,39.38,27.0,8.38,-36.0,-3.38,2.13,-2.5,-4.38,-0.5,6.61,7.36,194.375,-2.0625,-41.5625,-0.35,6.5,7.33,0.0,0.0,0.0,0.0
23.91,751.31,39.38,27.0,8.38,-36.0,-3.38,2.13,-2.5,-4.38,-0.5,6.61,7.36,194.375,-2.0625,-41.5625,-0.35,6.5,7.33,0.0,0.0,0.0,0.0
23.9,751.31,39.41,27.0,9.75,-36.0,-4.88,1.75,-4.31,0.0,-0.7,6.62,7.35,194.8125,-2.625,-41.375,-0.45,6.48,7.34,0.0,0.0,0.0,0.0
23.9,751.31,39.41,27.0,9.75,-36.0,-4.88,1.75,-4.31,0.0,-0.7,6.62,7.35,194.8125,-2.625,-41.375,-0.45,6.48,7.34,0.0,0.0,0.0,0.0
23.9,751.37,39.39,27.0,10.87,-36.0,-3.75,-6.81,-8.75,0.0,-0.25,6.24,7.48,195.8125,-2.3125,-41.375,-0.39,6.48,7.34,0.0,0.0,0.0,0.0
23.9,751.37,39.39,27.0,10.87,-36.0,-3.75,-6.81,-8.75,0.0,-0.25,6.24,7.48,195.8125,-2.3125,-41.375,-0.39,6.48,7.34,0.0,0.0,0.0,0.0
23.92,751.35,39.38,27.0,10.56,-36.0,-3.75,0.19,-2.69,0.81,-0.14,6.54,7.55,195.3125,-2.125,-41.125,-0.36,6.44,7.38,0.0,0.0,0.0,0.0
23.92,751.35,39.38,27.0,10.56,-36.0,-3.75,0.19,-2.69,0.81,-0.14,6.54,7.55,195.3125,-2.125,-41.125,-0.36,6.44,7.38,0.0,0.0,0.0,0.0
23.92,751.36,39.37,27.0,9.75,-35.25,-4.88,2.94,-1.19,-1.31,-0.31,6.12,7.34,197.4375,-0.6875,-39.3125,-0.12,6.21,7.58,0.0,0.0,0.0,0.0
23.92,751.36,39.37,27.0,9.75,-35.25,-4.88,2.94,-1.19,-1.31,-0.31,6.12,7.34,197.4375,-0.6875,-39.3125,-0.12,6.21,7.58,0.0,0.0,0.0,0.0
23.92,751.34,39.38,27.0,10.19,-35.25,-2.88,-25.0,4.06,34.0,0.18,6.5,7.35,193.6875,-4.4375,-39.875,-0.76,6.27,7.49,0.0,0.0,0.0,0.0
23.92,751.34,39.38,27.0,10.19,-35.25,-2.88,-25.0,4.06,34.0,0.18,6.5,7.35,193.6875,-4.4375,-39.875,-0.76,6.27,7.49,0.0,0.0,0.0,0.0
23.92,751.32,39.32,27.0,-2.06,-37.5,8.06,19.38,0.5,-17.13,0.48,9.88,6.17,173.0625,3.5,-54.5625,0.6,7.97,5.67,0.0,0.0,0.0,0.0
23.92,751.32,39.32,27.0,-2.06,-37.5,8.06,19.38,0.5,-17.13,0.48,9.88,6.17,173.0625,3.5,-54.5625,0.6,7.97,5.67,0.0,0.0,0.0,0.0
23.88,751.38,39.34,27.0,-29.56,-24.0,-1.0,58.0,99.0,80.25,2.22,8.51,6.01,96.9375,15.75,-48.625,2.66,7.08,6.23,0.0,0.0,0.0,0.0
23.88,751.38,39.34,27.0,-29.56,-24.0,-1.0,58.0,99.0,80.25,2.22,8.51,6.01,96.9375,15.75,-48.625,2.66,7.08,6.23,0.0,0.0,0.0,0.0
23.89,751.32,39.36,27.0,-26.88,-25.75,-9.75,-32.19,-33.56,-12.81,0.23,6.98,6.5,109.375,0.4375,-46.6875,0.08,7.14,6.72,0.0,0.0,0.0,0.0
23.89,751.32,39.36,27.0,-26.88,-25.75,-9.75,-32.19,-33.56,-12.81,0.23,6.98,6.5,109.375,0.4375,-46.6875,0.08,7.14,6.72,0.0,0.0,0.0,0.0
23.85,751.33,39.36,27.0,-26.06,-26.06,-10.25,-50.44,-6.81,3.63,0.9,6.27,9.4,117.375,2.8125,-36.8125,0.48,5.87,7.84,0.0,0.0,0.0,0.0
23.85,751.33,39.36,27.0,-26.06,-26.06,-10.25,-50.44,-6.81,3.63,0.9,6.27,9.4,117.375,2.8125,-36.8125,0.48,5.87,7.84,0.0,0.0,0.0,0.0
23.83,751.41,39.38,27.0,-19.69,-32.19,-8.38,0.06,17.38,3.38,-1.02,6.64,7.53,133.3125,-4.9375,-39.1875,-0.85,6.17,7.57,0.0,0.0,0.0,0.0
23.83,751.41,39.38,27.0,-19.69,-32.19,-8.38,0.06,17.38,3.38,-1.02,6.64,7.53,133.3125,-4.9375,-39.1875,-0.85,6.17,7.57,0.0,0.0,0.0,0.0
23.73,751.32,39.35,27.0,-25.19,-28.75,-5.88,3.88,-14.75,-12.44,1.06,7.08,7.63,122.125,4.0625,-45.125,0.69,6.93,6.89,0.0,0.0,0.0,0.0
23.73,751.32,39.35,27.0,-25.19,-28.75,-5.88,3.88,-14.75,-12.44,1.06,7.08,7.63,122.125,4.0625,-45.125,0.69,6.93,6.89,0.0,0.0,0.0,0.0
23.75,751.31,39.5,27.0,-25.88,-28.75,-4.38,-3.13,-2.38,0.81,0.9,7.06,6.77,122.1875,5.1875,-46.0625,0.89,7.03,6.77,0.0,0.0,0.0,0.0
23.75,751.31,39.5,27.0,-25.88,-28.75,-4.38,-3.13,-2.38,0.81,0.9,7.06,6.77,122.1875,5.1875,-46.0625,0.89,7.03,6.77,0.0,0.0,0.0,0.0
23.76,751.36,39.64,27.0,-23.69,-31.06,-3.56,5.31,-3.88,-5.13,-0.11,7.11,6.73,127.3125,3.5625,-47.1875,0.61,7.18,6.64,0.0,0.0,0.0,0.0
23.76,751.36,39.64,27.0,-23.69,-31.06,-3.56,5.31,-3.88,-5.13,-0.11,7.11,6.73,127.3125,3.5625,-47.1875,0.61,7.18,6.64,0.0,0.0,0.0,0.0
23.76,751.33,39.72,27.0,-32.19,-17.25,-9.88,24.5,36.25,43.44,3.07,7.08,6.09,90.4375,15.5,-44.875,2.62,6.66,6.69,0.0,0.0,0.0,0.0
23.76,751.33,39.72,27.0,-32.19,-17.25,-9.88,24.5,36.25,43.44,3.07,7.08,6.09,90.4375,15.5,-44.875,2.62,6.66,6.69,0.0,0.0,0.0,0.0
23.79,751.39,39.73,27.0,-14.25,-34.69,-0.25,37.44,-47.5,-84.06,-0.27,7.88,6.12,158.5,0.6875,-49.0625,0.12,7.4,6.42,0.0,0.0,0.0,0.0
23.79,751.39,39.73,27.0,-14.25,-34.69,-0.25,37.44,-47.5,-84.06,-0.27,7.88,6.12,158.5,0.6875,-49.0625,0.12,7.4,6.42,0.0,0.0,0.0,0.0
23.79,751.34,39.81,27.0,-13.75,-35.5,6.38,-5.44,-36.06,-26.94,0.47,8.2,5.9,157.625,4.1875,-54.8125,0.71,7.99,5.63,0.0,0.0,0.0,0.0
23.79,751.34,39.81,27.0,-13.75,-35.5,6.38,-5.44,-36.06,-26.94,0.47,8.2,5.9,157.625,4.1875,-54.8125,0.71,7.99,5.63,0.0,0.0,0.0,0.0
23.79,751.4,39.86,27.0,8.5,-36.5,-1.38,37.63,22.44,0.06,1.42,4.86,6.0,201.5625,8.25,-48.4375,1.41,7.26,6.43,0.0,0.0,0.0,0.0
23.79,751.4,39.86,27.0,8.5,-36.5,-1.38,37.63,22.44,0.06,1.42,4.86,6.0,201.5625,8.25,-48.4375,1.41,7.26,6.43,0.0,0.0,0.0,0.0
23.8,751.43,39.84,27.0,19.56,-32.75,-0.75,4.75,8.06,47.44,1.02,5.67,7.22,222.0625,7.5,-56.1875,1.28,8.08,5.4,0.0,0.0,0.0,0.0
23.8,751.43,39.84,27.0,19.56,-32.75,-0.75,4.75,8.06,47.44,1.02,5.67,7.22,222.0625,7.5,-56.1875,1.28,8.08,5.4,0.0,0.0,0.0,0.0
23.81,751.39,39.88,27.0,12.5,-34.75,7.56,-53.31,-0.63,36.81,-0.67,11.74,10.56,210.375,8.875,-60.6875,1.51,8.44,4.74,0.0,0.0,0.0,0.0
23.81,751.39,39.88,27.0,12.5,-34.75,7.56,-53.31,-0.63,36.81,-0.67,11.74,10.56,210.375,8.875,-60.6875,1.51,8.44,4.74,0.0,0.0,0.0,0.0
23.78,751.4,39.86,27.0,15.88,-32.5,3.75,-71.81,-87.94,0.38,-0.02,9.03,5.88,223.9375,2.125,-51.6875,0.37,7.69,6.06,0.0,0.0,0.0,0.0
23.78,751.4,39.86,27.0,15.88,-32.5,3.75,-71.81,-87.94,0.38,-0.02,9.03,5.88,223.9375,2.125,-51.6875,0.37,7.69,6.06,0.0,0.0,0.0,0.0
23.76,751.37,39.89,27.0,18.56,-32.88,-10.56,-52.06,36.19,15.0,0.2,5.27,4.54,227.3125,7.1875,-40.0,1.22,6.25,7.45,0.0,0.0,0.0,0.0
23.76,751.37,39.89,27.0,18.56,-32.88,-10.56,-52.06,36.19,15.0,0.2,5.27,4.54,227.3125,7.1875,-40.0,1.22,6.25,7.45,0.0,0.0,0.0,0.0
23.65,751.4,40.15,27.0,36.0,-16.38,0.56,123.25,7.38,-80.69,-4.6,10.41,4.12,265.9375,-28.75,-57.0625,-4.72,7.21,4.66,0.0,0.0,0.0,0.0
23.65,751.4,40.15,27.0,36.0,-16.38,0.56,123.25,7.38,-80.69,-4.6,10.41,4.12,265.9375,-28.75,-57.0625,-4.72,7.21,4.66,0.0,0.0,0.0,0.0
23.64,751.41,40.24,27.0,20.19,-16.5,-15.75,39.56,4.25,-2.13,-4.35,6.87,4.08,284.5625,-24.375,-52.125,-4.04,7.05,5.48,0.0,0.0,0.0,0.0
23.64,751.41,40.24,27.0,20.19,-16.5,-15.75,39.56,4.25,-2.13,-4.35,6.87,4.08,284.5625,-24.375,-52.125,-4.04,7.05,5.48,0.0,0.0,0.0,0.0
23.49,751.39,40.33,27.0,5.75,-40.56,4.06,-0.69,-10.13,15.81,2.31,9.97,2.46,238.375,13.5625,-78.9375,2.3,9.35,1.82,0.0,0.0,0.0,0.0
23.49,751.39,40.33,27.0,5.75,-40.56,4.06,-0.69,-10.13,15.81,2.31,9.97,2.46,238.375,13.5625,-78.9375,2.3,9.35,1.82,0.0,0.0,0.0,0.0
23.4,751.33,40.4,27.0,12.19,-41.19,6.75,9.19,-10.5,21.12,5.48,9.56,0.11,219.5,25.375,-87.375,4.21,8.84,0.39,0.0,0.0,0.0,0.0
23.19,751.39,40.68,27.0,10.06,-37.06,17.75,-11.0,14.44,0.94,2.99,10.2,0.58,210.5,21.0625,-91.375,3.53,9.14,-0.22,0.0,0.0,0.0,0.0
23.13,751.44,40.75,27.0,8.69,-34.56,19.75,1.13,28.31,-24.5,2.4,13.68,0.14,207.6875,15.3125,-87.5,2.59,9.44,0.4,0.0,0.0,0.0,0.0
23.13,751.44,40.75,27.0,8.69,-34.56,19.75,1.13,28.31,-24.5,2.4,13.68,0.14,207.6875,15.3125,-87.5,2.59,9.44,0.4,0.0,0.0,0.0,0.0
23.03,751.48,40.84,27.0,10.87,-30.38,22.69,47.0,41.56,25.44,5.09,9.49,-0.18,199.375,16.625,-90.4375,2.81,9.39,-0.07,0.0,0.0,0.0,0.0
23.03,751.48,40.84,27.0,10.87,-30.38,22.69,47.0,41.56,25.44,5.09,9.49,-0.18,199.375,16.625,-90.4375,2.81,9.39,-0.07,0.0,0.0,0.0,0.0
22.97,751.47,41.18,27.0,13.5,-26.75,24.06,-49.63,-15.63,-5.81,1.6,6.63,-1.22,210.375,14.5625,-97.3125,2.47,9.41,-1.2,0.0,0.0,0.0,0.0
22.97,751.47,41.18,27.0,13.5,-26.75,24.06,-49.63,-15.63,-5.81,1.6,6.63,-1.22,210.375,14.5625,-97.3125,2.47,9.41,-1.2,0.0,0.0,0.0,0.0
22.9,751.48,41.3,27.0,41.38,-50.75,23.5,2.0,0.31,44.31,3.11,8.94,-0.11,214.75,16.5,-87.875,2.79,9.39,0.34,0.0,0.0,0.0,0.0
22.9,751.48,41.3,27.0,41.38,-50.75,23.5,2.0,0.31,44.31,3.11,8.94,-0.11,214.75,16.5,-87.875,2.79,9.39,0.34,0.0,0.0,0.0,0.0
22.82,751.48,41.26,26.0,39.75,-52.5,23.56,-46.13,3.44,-5.88,1.68,10.28,2.59,214.75,18.9375,-81.18751,3.18,9.16,1.41,0.0,0.0,0.0,0.0
22.77,751.44,41.02,27.0,59.5,-31.25,5.75,-49.81,-11.0,-36.06,-3.3,4.7,7.07,277.375,-21.0,-39.75,-3.51,5.85,7.03,0.0,0.0,0.0,0.0
22.11,751.56,43.39,25.0,25.38,0.5,22.06,29.06,-31.19,-7.69,-9.01,3.04,-2.58,284.1875,-60.625,-112.0625,-8.55,4.44,-1.8,0.0,0.0,0.0,0.0
21.82,751.63,43.56,25.0,23.69,-4.0,30.75,-59.5,-33.0,-30.94,-11.5,2.07,-2.93,264.4375,-73.9375,-129.625,-9.42,2.08,-1.72,0.0,0.0,0.0,0.0
21.76,751.65,43.51,25.0,17.25,-3.0,26.06,-4.44,1.13,6.0,-8.25,2.66,-4.27,259.0,-63.0625,-137.75,-8.74,2.98,-3.28,0.0,0.0,0.0,0.0
21.76,751.65,43.51,25.0,17.25,-3.0,26.06,-4.44,1.13,6.0,-8.25,2.66,-4.27,259.0,-63.0625,-137.75,-8.74,2.98,-3.28,0.0,0.0,0.0,0.0
21.32,751.69,44.21,25.0,27.37,7.19,24.0,-16.94,15.75,2.31,-8.1,1.48,-1.84,288.25,-67.3125,-126.5,-9.04,3.03,-2.25,0.0,0.0,0.0,0.0
21.26,751.69,44.86,24.0,21.19,1.69,29.5,-34.44,2.75,6.0,-8.32,2.66,-3.67,269.125,-63.6875,-122.3125,-8.79,3.67,-2.32,0.0,0.0,0.0,0.0
21.26,751.69,44.86,24.0,21.19,1.69,29.5,-34.44,2.75,6.0,-8.32,2.66,-3.67,269.125,-63.6875,-122.3125,-8.79,3.67,-2.32,0.0,0.0,0.0,0.0
21.23,751.71,45.14,24.0,22.56,1.56,30.75,54.06,14.81,0.0,-7.23,2.88,-2.97,268.125,-57.5625,-131.375,-8.28,3.93,-3.47,0.0,0.0,0.0,0.0
21.1,751.76,44.04,24.0,16.56,9.56,25.0,-23.0,-44.56,1.5,-10.36,2.35,-3.95,290.375,-67.125,-145.125,-9.03,2.17,-3.12,0.0,0.0,0.0,0.0
20.99,751.8,44.54,24.0,13.06,0.0,26.69,-37.69,-17.94,-7.25,-11.74,3.69,-2.09,266.4375,-72.875,-134.1875,-9.37,2.06,-2.0,0.0,0.0,0.0,0.0
20.08,751.65,47.27,22.0,1.06,-1.06,0.0,0.0,0.0,0.0,-2.83,6.54,3.59,358.375,-5.5,-59.625,-0.94,8.42,4.92,0.0,0.0,0.0,0.0
